1,26,3,24,4,23,6,21,7,20
1,26,4,23,5,22,6,21,7,20
1,26,3,24,4,23,5,22,6,21,7,20
2,25,3,24,5,22,6,21,8,19
2,25,3,24,5,22,7,20,8,19
1,26,2,25,3,24,5,22,7,20,8,19
2,25,3,24,4,23,5,22,7,20,8,19
2,25,3,24,5,22,6,21,7,20,8,19
1,26,4,23,5,22,6,21,7,20,8,19
1,26,3,24,4,23,5,22,6,21,9,18
1,26,3,24,4,23,6,21,7,20,9,18
2,25,3,24,4,23,6,21,7,20,9,18
1,26,4,23,5,22,6,21,7,20,9,18
2,25,4,23,5,22,6,21,7,20,9,18
1,26,3,24,4,23,5,22,6,21,7,20,9,18
2,25,3,24,5,22,6,21,8,19,9,18
1,26,2,25,5,22,7,20,8,19,9,18
2,25,3,24,5,22,7,20,8,19,9,18
1,26,2,25,3,24,5,22,7,20,8,19,9,18
1,26,4,23,5,22,7,20,8,19,9,18
1,26,2,25,4,23,5,22,7,20,8,19,9,18
2,25,3,24,5,22,6,21,7,20,8,19,9,18
1,26,4,23,5,22,6,21,7,20,8,19,9,18
2,25,3,24,4,23,6,21,7,20,10,17
1,26,4,23,5,22,6,21,7,20,10,17
2,25,4,23,5,22,6,21,7,20,10,17
1,26,2,25,3,24,5,22,8,19,10,17
1,26,3,24,4,23,7,20,8,19,10,17
2,25,3,24,4,23,7,20,8,19,10,17
1,26,4,23,5,22,6,21,7,20,8,19,10,17
1,26,2,25,4,23,5,22,9,18,10,17
2,25,4,23,5,22,7,20,9,18,10,17
1,26,2,25,4,23,5,22,7,20,9,18,10,17
2,25,3,24,4,23,6,21,7,20,9,18,10,17
2,25,4,23,5,22,6,21,7,20,9,18,10,17
2,25,3,24,7,20,8,19,9,18,10,17
2,25,4,23,7,20,8,19,9,18,10,17
2,25,3,24,4,23,7,20,8,19,9,18,10,17
2,25,4,23,5,22,7,20,8,19,9,18,10,17
2,25,3,24,6,21,7,20,8,19,9,18,10,17
1,26,2,25,3,24,5,22,6,21,11,16
1,26,3,24,4,23,7,20,11,16
1,26,3,24,4,23,5,22,7,20,11,16
1,26,3,24,4,23,6,21,7,20,11,16
1,26,2,25,5,22,6,21,7,20,11,16
1,26,2,25,3,24,5,22,6,21,7,20,11,16
1,26,4,23,5,22,6,21,7,20,11,16
1,26,3,24,4,23,5,22,6,21,7,20,11,16
2,25,3,24,4,23,7,20,8,19,11,16
1,26,4,23,5,22,6,21,7,20,8,19,11,16
2,25,3,24,5,22,6,21,9,18,11,16
1,26,2,25,3,24,5,22,6,21,9,18,11,16
1,26,3,24,4,23,5,22,6,21,9,18,11,16
2,25,3,24,4,23,5,22,6,21,9,18,11,16
1,26,3,24,4,23,7,20,9,18,11,16
1,26,4,23,5,22,7,20,9,18,11,16
1,26,3,24,4,23,5,22,7,20,9,18,11,16
1,26,3,24,4,23,6,21,7,20,9,18,11,16
1,26,4,23,5,22,6,21,7,20,9,18,11,16
1,26,3,24,4,23,5,22,6,21,7,20,9,18,11,16
1,26,3,24,7,20,8,19,9,18,11,16
1,26,4,23,5,22,7,20,8,19,9,18,11,16
1,26,3,24,6,21,7,20,8,19,9,18,11,16
1,26,4,23,5,22,6,21,7,20,8,19,9,18,11,16
1,26,2,25,3,24,5,22,10,17,11,16
1,26,3,24,4,23,7,20,10,17,11,16
2,25,3,24,5,22,7,20,10,17,11,16
1,26,2,25,3,24,5,22,7,20,10,17,11,16
1,26,3,24,4,23,5,22,7,20,10,17,11,16
2,25,4,23,6,21,7,20,10,17,11,16
2,25,3,24,4,23,6,21,7,20,10,17,11,16
2,25,3,24,4,23,7,20,8,19,10,17,11,16
1,26,2,25,3,24,9,18,10,17,11,16
1,26,2,25,5,22,9,18,10,17,11,16
1,26,2,25,3,24,5,22,9,18,10,17,11,16
1,26,2,25,4,23,5,22,9,18,10,17,11,16
1,26,2,25,3,24,6,21,9,18,10,17,11,16
1,26,4,23,7,20,9,18,10,17,11,16
1,26,3,24,4,23,7,20,9,18,10,17,11,16
1,26,4,23,5,22,7,20,9,18,10,17,11,16
1,26,3,24,4,23,5,22,7,20,9,18,10,17,11,16
1,26,2,25,3,24,5,22,6,21,12,15
1,26,3,24,4,23,6,21,7,20,12,15
1,26,5,22,6,21,7,20,12,15
1,26,3,24,5,22,6,21,7,20,12,15
1,26,4,23,5,22,6,21,7,20,12,15
1,26,3,24,4,23,5,22,6,21,7,20,12,15
2,25,3,24,5,22,6,21,8,19,12,15
1,26,5,22,7,20,8,19,12,15
1,26,2,25,5,22,7,20,8,19,12,15
3,24,5,22,7,20,8,19,12,15
1,26,3,24,5,22,7,20,8,19,12,15
2,25,3,24,5,22,7,20,8,19,12,15
1,26,2,25,3,24,5,22,7,20,8,19,12,15
1,26,4,23,5,22,7,20,8,19,12,15
1,26,2,25,4,23,5,22,7,20,8,19,12,15
3,24,4,23,6,21,7,20,8,19,12,15
1,26,5,22,6,21,7,20,8,19,12,15
3,24,5,22,6,21,7,20,8,19,12,15
1,26,3,24,5,22,6,21,7,20,8,19,12,15
2,25,3,24,5,22,6,21,7,20,8,19,12,15
1,26,4,23,5,22,6,21,7,20,8,19,12,15
2,25,3,24,5,22,7,20,9,18,12,15
1,26,2,25,3,24,5,22,7,20,9,18,12,15
1,26,5,22,6,21,7,20,9,18,12,15
1,26,4,23,5,22,6,21,7,20,9,18,12,15
2,25,4,23,5,22,6,21,7,20,9,18,12,15
1,26,5,22,7,20,8,19,9,18,12,15
1,26,2,25,5,22,7,20,8,19,9,18,12,15
3,24,5,22,7,20,8,19,9,18,12,15
1,26,3,24,5,22,7,20,8,19,9,18,12,15
2,25,3,24,5,22,7,20,8,19,9,18,12,15
1,26,2,25,3,24,5,22,7,20,8,19,9,18,12,15
1,26,4,23,5,22,7,20,8,19,9,18,12,15
1,26,2,25,4,23,5,22,7,20,8,19,9,18,12,15
1,26,6,21,7,20,8,19,9,18,12,15
1,26,4,23,6,21,7,20,8,19,9,18,12,15
1,26,5,22,6,21,7,20,8,19,9,18,12,15
1,26,4,23,5,22,6,21,7,20,8,19,9,18,12,15
1,26,2,25,3,24,5,22,10,17,12,15
1,26,2,25,4,23,5,22,10,17,12,15
2,25,3,24,4,23,6,21,10,17,12,15
2,25,3,24,5,22,6,21,10,17,12,15
1,26,2,25,3,24,5,22,6,21,10,17,12,15
2,25,4,23,5,22,6,21,10,17,12,15
2,25,3,24,4,23,5,22,6,21,10,17,12,15
3,24,4,23,6,21,7,20,10,17,12,15
2,25,3,24,4,23,6,21,7,20,10,17,12,15
1,26,2,25,4,23,8,19,10,17,12,15
1,26,2,25,3,24,5,22,8,19,10,17,12,15
1,26,2,25,4,23,5,22,8,19,10,17,12,15
3,24,4,23,7,20,8,19,10,17,12,15
1,26,3,24,4,23,7,20,8,19,10,17,12,15
3,24,4,23,6,21,7,20,8,19,10,17,12,15
1,26,2,25,3,24,9,18,10,17,12,15
1,26,2,25,3,24,5,22,9,18,10,17,12,15
1,26,4,23,5,22,9,18,10,17,12,15
1,26,2,25,4,23,5,22,9,18,10,17,12,15
1,26,3,24,4,23,5,22,9,18,10,17,12,15
4,23,5,22,6,21,9,18,10,17,12,15
2,25,4,23,5,22,6,21,9,18,10,17,12,15
1,26,2,25,3,24,7,20,9,18,10,17,12,15
2,25,6,21,8,19,9,18,10,17,12,15
2,25,5,22,6,21,8,19,9,18,10,17,12,15
4,23,5,22,6,21,8,19,9,18,10,17,12,15
3,24,7,20,8,19,9,18,10,17,12,15
3,24,4,23,7,20,8,19,9,18,10,17,12,15
1,26,3,24,4,23,11,16,12,15
1,26,3,24,4,23,6,21,11,16,12,15
1,26,3,24,5,22,6,21,11,16,12,15
1,26,2,25,3,24,5,22,6,21,11,16,12,15
1,26,3,24,4,23,7,20,11,16,12,15
1,26,3,24,4,23,6,21,7,20,11,16,12,15
1,26,5,22,7,20,8,19,11,16,12,15
1,26,2,25,5,22,7,20,8,19,11,16,12,15
1,26,3,24,4,23,9,18,11,16,12,15
3,24,4,23,7,20,9,18,11,16,12,15
1,26,3,24,4,23,7,20,9,18,11,16,12,15
1,26,3,24,8,19,9,18,11,16,12,15
1,26,2,25,3,24,8,19,9,18,11,16,12,15
1,26,4,23,10,17,11,16,12,15
1,26,2,25,4,23,10,17,11,16,12,15
1,26,3,24,4,23,10,17,11,16,12,15
4,23,6,21,10,17,11,16,12,15
1,26,4,23,6,21,10,17,11,16,12,15
3,24,4,23,6,21,10,17,11,16,12,15
1,26,3,24,4,23,6,21,10,17,11,16,12,15
1,26,4,23,7,20,10,17,11,16,12,15
1,26,2,25,4,23,7,20,10,17,11,16,12,15
1,26,3,24,4,23,7,20,10,17,11,16,12,15
1,26,5,22,8,19,10,17,11,16,12,15
1,26,4,23,9,18,10,17,11,16,12,15
1,26,3,24,4,23,9,18,10,17,11,16,12,15
1,26,6,21,9,18,10,17,11,16,12,15
4,23,6,21,9,18,10,17,11,16,12,15
1,26,4,23,6,21,9,18,10,17,11,16,12,15
1,26,4,23,7,20,9,18,10,17,11,16,12,15
3,24,4,23,7,20,9,18,10,17,11,16,12,15
1,26,3,24,4,23,7,20,9,18,10,17,11,16,12,15
3,24,7,20,8,19,9,18,10,17,11,16,12,15
1,26,2,25,4,23,5,22,6,21,13,14
2,25,5,22,6,21,8,19,13,14
1,26,2,25,5,22,6,21,8,19,13,14
2,25,3,24,5,22,6,21,8,19,13,14
2,25,3,24,5,22,7,20,8,19,13,14
1,26,2,25,3,24,5,22,7,20,8,19,13,14
2,25,3,24,4,23,5,22,7,20,8,19,13,14
2,25,5,22,6,21,7,20,8,19,13,14
2,25,3,24,5,22,6,21,7,20,8,19,13,14
2,25,3,24,4,23,6,21,7,20,9,18,13,14
2,25,5,22,6,21,8,19,9,18,13,14
3,24,5,22,6,21,8,19,9,18,13,14
2,25,3,24,5,22,6,21,8,19,9,18,13,14
2,25,5,22,7,20,8,19,9,18,13,14
1,26,2,25,5,22,7,20,8,19,9,18,13,14
2,25,3,24,5,22,7,20,8,19,9,18,13,14
1,26,2,25,3,24,5,22,7,20,8,19,9,18,13,14
2,25,5,22,6,21,7,20,8,19,9,18,13,14
3,24,5,22,6,21,7,20,8,19,9,18,13,14
2,25,3,24,5,22,6,21,7,20,8,19,9,18,13,14
4,23,5,22,6,21,7,20,10,17,13,14
2,25,4,23,5,22,6,21,7,20,10,17,13,14
2,25,5,22,6,21,8,19,10,17,13,14
1,26,2,25,5,22,6,21,8,19,10,17,13,14
2,25,5,22,6,21,7,20,8,19,10,17,13,14
3,24,4,23,6,21,9,18,10,17,13,14
2,25,3,24,4,23,6,21,9,18,10,17,13,14
2,25,5,22,8,19,9,18,10,17,13,14
2,25,5,22,6,21,8,19,9,18,10,17,13,14
4,23,7,20,8,19,9,18,10,17,13,14
2,25,4,23,7,20,8,19,9,18,10,17,13,14
2,25,5,22,7,20,8,19,9,18,10,17,13,14
2,25,5,22,6,21,7,20,8,19,9,18,10,17,13,14
1,26,2,25,5,22,6,21,11,16,13,14
1,26,2,25,4,23,5,22,6,21,11,16,13,14
1,26,2,25,3,24,7,20,11,16,13,14
1,26,3,24,4,23,7,20,11,16,13,14
1,26,3,24,4,23,5,22,7,20,11,16,13,14
4,23,5,22,6,21,8,19,11,16,13,14
1,26,3,24,7,20,8,19,11,16,13,14
1,26,2,25,3,24,7,20,8,19,11,16,13,14
2,25,6,21,7,20,8,19,11,16,13,14
3,24,6,21,7,20,8,19,11,16,13,14
2,25,3,24,6,21,7,20,8,19,11,16,13,14
4,23,6,21,7,20,8,19,11,16,13,14
4,23,5,22,6,21,7,20,8,19,11,16,13,14
1,26,2,25,5,22,9,18,11,16,13,14
2,25,5,22,6,21,9,18,11,16,13,14
1,26,2,25,5,22,6,21,9,18,11,16,13,14
3,24,6,21,7,20,9,18,11,16,13,14
4,23,6,21,7,20,9,18,11,16,13,14
3,24,5,22,6,21,7,20,9,18,11,16,13,14
1,26,5,22,8,19,9,18,11,16,13,14
1,26,2,25,5,22,8,19,9,18,11,16,13,14
1,26,7,20,8,19,9,18,11,16,13,14
1,26,3,24,7,20,8,19,9,18,11,16,13,14
4,23,7,20,8,19,9,18,11,16,13,14
1,26,4,23,7,20,8,19,9,18,11,16,13,14
1,26,5,22,7,20,8,19,9,18,11,16,13,14
3,24,6,21,7,20,8,19,9,18,11,16,13,14
4,23,6,21,7,20,8,19,9,18,11,16,13,14
2,25,3,24,10,17,11,16,13,14
2,25,3,24,4,23,10,17,11,16,13,14
2,25,3,24,5,22,10,17,11,16,13,14
2,25,3,24,4,23,5,22,10,17,11,16,13,14
3,24,6,21,10,17,11,16,13,14
2,25,3,24,6,21,10,17,11,16,13,14
4,23,6,21,10,17,11,16,13,14
1,26,4,23,6,21,10,17,11,16,13,14
2,25,4,23,6,21,10,17,11,16,13,14
1,26,2,25,4,23,6,21,10,17,11,16,13,14
3,24,4,23,6,21,10,17,11,16,13,14
2,25,3,24,4,23,6,21,10,17,11,16,13,14
1,26,3,24,8,19,10,17,11,16,13,14
2,25,3,24,8,19,10,17,11,16,13,14
2,25,3,24,4,23,8,19,10,17,11,16,13,14
4,23,6,21,8,19,10,17,11,16,13,14
1,26,4,23,6,21,8,19,10,17,11,16,13,14
2,25,3,24,9,18,10,17,11,16,13,14
1,26,4,23,9,18,10,17,11,16,13,14
2,25,4,23,9,18,10,17,11,16,13,14
1,26,2,25,4,23,9,18,10,17,11,16,13,14
2,25,3,24,4,23,9,18,10,17,11,16,13,14
1,26,2,25,5,22,9,18,10,17,11,16,13,14
3,24,6,21,9,18,10,17,11,16,13,14
2,25,3,24,6,21,9,18,10,17,11,16,13,14
4,23,6,21,9,18,10,17,11,16,13,14
1,26,4,23,6,21,9,18,10,17,11,16,13,14
2,25,4,23,6,21,9,18,10,17,11,16,13,14
1,26,2,25,4,23,6,21,9,18,10,17,11,16,13,14
3,24,4,23,6,21,9,18,10,17,11,16,13,14
2,25,3,24,4,23,6,21,9,18,10,17,11,16,13,14
1,26,4,23,7,20,9,18,10,17,11,16,13,14
2,25,8,19,9,18,10,17,11,16,13,14
2,25,3,24,8,19,9,18,10,17,11,16,13,14
2,25,4,23,8,19,9,18,10,17,11,16,13,14
2,25,3,24,4,23,8,19,9,18,10,17,11,16,13,14
2,25,5,22,8,19,9,18,10,17,11,16,13,14
4,23,7,20,8,19,9,18,10,17,11,16,13,14
2,25,6,21,8,19,12,15,13,14
2,25,3,24,6,21,8,19,12,15,13,14
2,25,5,22,6,21,8,19,12,15,13,14
2,25,3,24,5,22,6,21,8,19,12,15,13,14
4,23,5,22,7,20,8,19,12,15,13,14
3,24,6,21,7,20,8,19,12,15,13,14
4,23,6,21,7,20,8,19,12,15,13,14
3,24,4,23,6,21,7,20,8,19,12,15,13,14
4,23,5,22,6,21,7,20,8,19,12,15,13,14
1,26,5,22,6,21,9,18,12,15,13,14
1,26,5,22,8,19,9,18,12,15,13,14
1,26,3,24,5,22,8,19,9,18,12,15,13,14
2,25,6,21,8,19,9,18,12,15,13,14
4,23,6,21,8,19,9,18,12,15,13,14
1,26,4,23,6,21,8,19,9,18,12,15,13,14
2,25,5,22,6,21,8,19,9,18,12,15,13,14
4,23,6,21,7,20,8,19,9,18,12,15,13,14
2,25,3,24,10,17,12,15,13,14
2,25,4,23,5,22,10,17,12,15,13,14
2,25,3,24,6,21,10,17,12,15,13,14
2,25,4,23,5,22,6,21,10,17,12,15,13,14
2,25,8,19,10,17,12,15,13,14
2,25,3,24,8,19,10,17,12,15,13,14
2,25,5,22,8,19,10,17,12,15,13,14
2,25,6,21,8,19,10,17,12,15,13,14
2,25,3,24,6,21,8,19,10,17,12,15,13,14
2,25,5,22,6,21,8,19,10,17,12,15,13,14
1,26,7,20,8,19,10,17,12,15,13,14
2,25,7,20,8,19,10,17,12,15,13,14
4,23,7,20,8,19,10,17,12,15,13,14
1,26,4,23,7,20,8,19,10,17,12,15,13,14
2,25,3,24,9,18,10,17,12,15,13,14
1,26,5,22,6,21,9,18,10,17,12,15,13,14
2,25,8,19,9,18,10,17,12,15,13,14
2,25,3,24,8,19,9,18,10,17,12,15,13,14
4,23,8,19,9,18,10,17,12,15,13,14
3,24,4,23,8,19,9,18,10,17,12,15,13,14
2,25,5,22,8,19,9,18,10,17,12,15,13,14
2,25,6,21,8,19,9,18,10,17,12,15,13,14
2,25,5,22,6,21,8,19,9,18,10,17,12,15,13,14
4,23,7,20,8,19,9,18,10,17,12,15,13,14
1,26,4,23,5,22,11,16,12,15,13,14
1,26,3,24,6,21,11,16,12,15,13,14
1,26,5,22,6,21,11,16,12,15,13,14
1,26,3,24,5,22,6,21,11,16,12,15,13,14
1,26,4,23,5,22,6,21,11,16,12,15,13,14
1,26,3,24,8,19,11,16,12,15,13,14
1,26,5,22,8,19,11,16,12,15,13,14
3,24,6,21,8,19,11,16,12,15,13,14
1,26,3,24,6,21,8,19,11,16,12,15,13,14
3,24,6,21,7,20,8,19,11,16,12,15,13,14
2,25,3,24,9,18,11,16,12,15,13,14
1,26,5,22,6,21,9,18,11,16,12,15,13,14
2,25,5,22,6,21,9,18,11,16,12,15,13,14
4,23,6,21,7,20,9,18,11,16,12,15,13,14
1,26,3,24,8,19,9,18,11,16,12,15,13,14
2,25,3,24,8,19,9,18,11,16,12,15,13,14
1,26,5,22,8,19,9,18,11,16,12,15,13,14
2,25,3,24,10,17,11,16,12,15,13,14
1,26,4,23,10,17,11,16,12,15,13,14
3,24,6,21,10,17,11,16,12,15,13,14
2,25,3,24,6,21,10,17,11,16,12,15,13,14
4,23,6,21,10,17,11,16,12,15,13,14
1,26,4,23,6,21,10,17,11,16,12,15,13,14
3,24,4,23,6,21,10,17,11,16,12,15,13,14
1,26,4,23,7,20,10,17,11,16,12,15,13,14
2,25,8,19,10,17,11,16,12,15,13,14
1,26,3,24,8,19,10,17,11,16,12,15,13,14
2,25,3,24,8,19,10,17,11,16,12,15,13,14
1,26,5,22,8,19,10,17,11,16,12,15,13,14
2,25,5,22,8,19,10,17,11,16,12,15,13,14
2,25,7,20,8,19,10,17,11,16,12,15,13,14
2,25,3,24,9,18,10,17,11,16,12,15,13,14
1,26,4,23,9,18,10,17,11,16,12,15,13,14
1,26,6,21,9,18,10,17,11,16,12,15,13,14
4,23,6,21,9,18,10,17,11,16,12,15,13,14
1,26,4,23,6,21,9,18,10,17,11,16,12,15,13,14
1,26,4,23,7,20,9,18,10,17,11,16,12,15,13,14
2,25,8,19,9,18,10,17,11,16,12,15,13,14
2,25,3,24,8,19,9,18,10,17,11,16,12,15,13,14
2,25,5,22,8,19,9,18,10,17,11,16,12,15,13,14
