1,28,4,25,5,24,6,23,7,22,8,21
1,28,3,26,4,25,5,24,6,23,9,20
1,28,3,26,4,25,6,23,7,22,9,20
2,27,3,26,4,25,6,23,7,22,9,20
2,27,4,25,5,24,6,23,7,22,9,20
1,28,3,26,4,25,5,24,6,23,7,22,9,20
1,28,4,25,5,24,6,23,8,21,9,20
2,27,3,26,5,24,7,22,8,21,9,20
1,28,2,27,3,26,5,24,7,22,8,21,9,20
2,27,3,26,5,24,6,23,7,22,8,21,9,20
1,28,4,25,5,24,6,23,7,22,8,21,9,20
1,28,4,25,5,24,6,23,7,22,10,19
1,28,4,25,5,24,6,23,7,22,8,21,10,19
1,28,3,26,4,25,6,23,9,20,10,19
2,27,3,26,4,25,6,23,7,22,9,20,10,19
2,27,4,25,5,24,6,23,7,22,9,20,10,19
1,28,3,26,4,25,6,23,8,21,9,20,10,19
1,28,4,25,5,24,6,23,7,22,11,18
2,27,4,25,5,24,6,23,7,22,11,18
1,28,3,26,4,25,5,24,6,23,7,22,11,18
2,27,3,26,4,25,5,24,6,23,7,22,11,18
1,28,3,26,4,25,5,24,6,23,8,21,11,18
2,27,3,26,4,25,5,24,7,22,8,21,11,18
1,28,4,25,5,24,6,23,7,22,8,21,11,18
1,28,4,25,5,24,6,23,9,20,11,18
1,28,2,27,4,25,5,24,6,23,9,20,11,18
1,28,3,26,4,25,5,24,6,23,9,20,11,18
1,28,3,26,4,25,6,23,7,22,9,20,11,18
1,28,4,25,5,24,6,23,7,22,9,20,11,18
1,28,3,26,4,25,5,24,6,23,7,22,9,20,11,18
1,28,4,25,5,24,6,23,8,21,9,20,11,18
1,28,4,25,5,24,6,23,7,22,8,21,9,20,11,18
2,27,3,26,4,25,6,23,7,22,10,19,11,18
2,27,4,25,5,24,6,23,7,22,10,19,11,18
1,28,2,27,3,26,8,21,10,19,11,18
1,28,2,27,3,26,5,24,8,21,10,19,11,18
2,27,3,26,6,23,8,21,10,19,11,18
1,28,2,27,3,26,6,23,8,21,10,19,11,18
1,28,3,26,5,24,6,23,8,21,10,19,11,18
2,27,3,26,7,22,8,21,10,19,11,18
2,27,3,26,4,25,7,22,8,21,10,19,11,18
1,28,2,27,6,23,7,22,8,21,10,19,11,18
2,27,3,26,6,23,7,22,8,21,10,19,11,18
1,28,5,24,6,23,7,22,8,21,10,19,11,18
2,27,3,26,6,23,8,21,9,20,10,19,11,18
1,28,4,25,5,24,6,23,7,22,8,21,12,17
2,27,4,25,5,24,6,23,7,22,9,20,12,17
1,28,4,25,5,24,6,23,8,21,9,20,12,17
1,28,3,26,7,22,8,21,9,20,12,17
1,28,2,27,3,26,7,22,8,21,9,20,12,17
1,28,3,26,4,25,7,22,8,21,9,20,12,17
1,28,3,26,5,24,7,22,8,21,9,20,12,17
2,27,3,26,5,24,7,22,8,21,9,20,12,17
1,28,2,27,3,26,5,24,7,22,8,21,9,20,12,17
1,28,4,25,5,24,6,23,7,22,8,21,9,20,12,17
1,28,3,26,4,25,7,22,10,19,12,17
2,27,3,26,4,25,6,23,7,22,10,19,12,17
1,28,3,26,4,25,7,22,8,21,10,19,12,17
1,28,3,26,4,25,7,22,9,20,10,19,12,17
1,28,3,26,7,22,8,21,9,20,10,19,12,17
1,28,3,26,4,25,7,22,8,21,9,20,10,19,12,17
2,27,3,26,4,25,5,24,7,22,11,18,12,17
2,27,3,26,4,25,5,24,7,22,8,21,11,18,12,17
1,28,2,27,3,26,9,20,11,18,12,17
1,28,2,27,3,26,5,24,9,20,11,18,12,17
2,27,3,26,8,21,9,20,11,18,12,17
2,27,3,26,4,25,8,21,9,20,11,18,12,17
2,27,6,23,8,21,9,20,11,18,12,17
1,28,2,27,6,23,8,21,9,20,11,18,12,17
1,28,4,25,6,23,8,21,9,20,11,18,12,17
1,28,6,23,7,22,8,21,9,20,11,18,12,17
1,28,4,25,6,23,7,22,8,21,9,20,11,18,12,17
1,28,2,27,3,26,10,19,11,18,12,17
1,28,2,27,3,26,5,24,10,19,11,18,12,17
1,28,2,27,3,26,6,23,10,19,11,18,12,17
1,28,3,26,4,25,7,22,10,19,11,18,12,17
2,27,3,26,4,25,6,23,7,22,10,19,11,18,12,17
1,28,2,27,3,26,8,21,10,19,11,18,12,17
1,28,2,27,3,26,5,24,8,21,10,19,11,18,12,17
2,27,6,23,8,21,10,19,11,18,12,17
1,28,2,27,6,23,8,21,10,19,11,18,12,17
2,27,3,26,6,23,8,21,10,19,11,18,12,17
1,28,2,27,3,26,6,23,8,21,10,19,11,18,12,17
2,27,7,22,8,21,10,19,11,18,12,17
2,27,3,26,7,22,8,21,10,19,11,18,12,17
2,27,4,25,7,22,8,21,10,19,11,18,12,17
2,27,3,26,4,25,7,22,8,21,10,19,11,18,12,17
2,27,6,23,7,22,8,21,10,19,11,18,12,17
2,27,3,26,6,23,7,22,8,21,10,19,11,18,12,17
1,28,2,27,5,24,6,23,7,22,13,16
1,28,2,27,3,26,5,24,6,23,7,22,13,16
1,28,5,24,6,23,7,22,8,21,13,16
1,28,4,25,5,24,6,23,7,22,8,21,13,16
1,28,3,26,4,25,5,24,9,20,13,16
1,28,3,26,4,25,5,24,6,23,9,20,13,16
3,26,4,25,5,24,7,22,9,20,13,16
1,28,3,26,4,25,5,24,7,22,9,20,13,16
1,28,2,27,6,23,7,22,9,20,13,16
1,28,2,27,3,26,6,23,7,22,9,20,13,16
2,27,4,25,6,23,7,22,9,20,13,16
1,28,2,27,4,25,6,23,7,22,9,20,13,16
1,28,2,27,5,24,6,23,7,22,9,20,13,16
1,28,2,27,3,26,5,24,6,23,7,22,9,20,13,16
1,28,4,25,5,24,6,23,7,22,9,20,13,16
2,27,4,25,5,24,6,23,7,22,9,20,13,16
1,28,5,24,7,22,8,21,9,20,13,16
1,28,5,24,6,23,7,22,8,21,9,20,13,16
1,28,2,27,3,26,5,24,7,22,10,19,13,16
1,28,5,24,6,23,7,22,10,19,13,16
1,28,2,27,5,24,6,23,7,22,10,19,13,16
1,28,4,25,5,24,6,23,7,22,10,19,13,16
1,28,2,27,6,23,7,22,8,21,10,19,13,16
1,28,5,24,6,23,7,22,8,21,10,19,13,16
1,28,4,25,5,24,6,23,7,22,8,21,10,19,13,16
1,28,3,26,4,25,5,24,9,20,10,19,13,16
1,28,4,25,6,23,9,20,10,19,13,16
1,28,2,27,4,25,6,23,9,20,10,19,13,16
2,27,3,26,5,24,7,22,9,20,10,19,13,16
1,28,2,27,3,26,5,24,7,22,9,20,10,19,13,16
3,26,4,25,5,24,7,22,9,20,10,19,13,16
1,28,3,26,4,25,5,24,7,22,9,20,10,19,13,16
1,28,6,23,7,22,9,20,10,19,13,16
1,28,2,27,6,23,7,22,9,20,10,19,13,16
1,28,4,25,6,23,7,22,9,20,10,19,13,16
2,27,4,25,6,23,7,22,9,20,10,19,13,16
1,28,2,27,4,25,6,23,7,22,9,20,10,19,13,16
1,28,5,24,6,23,7,22,9,20,10,19,13,16
1,28,2,27,5,24,6,23,7,22,9,20,10,19,13,16
2,27,4,25,5,24,6,23,7,22,9,20,10,19,13,16
1,28,4,25,6,23,8,21,9,20,10,19,13,16
1,28,5,24,7,22,8,21,9,20,10,19,13,16
1,28,6,23,7,22,8,21,9,20,10,19,13,16
1,28,4,25,6,23,7,22,8,21,9,20,10,19,13,16
1,28,5,24,6,23,7,22,8,21,9,20,10,19,13,16
1,28,2,27,3,26,5,24,6,23,11,18,13,16
4,25,5,24,6,23,7,22,11,18,13,16
1,28,4,25,5,24,6,23,7,22,11,18,13,16
3,26,4,25,5,24,6,23,7,22,11,18,13,16
1,28,3,26,4,25,5,24,6,23,7,22,11,18,13,16
1,28,5,24,6,23,7,22,8,21,11,18,13,16
4,25,5,24,6,23,7,22,8,21,11,18,13,16
1,28,4,25,5,24,6,23,7,22,8,21,11,18,13,16
1,28,2,27,3,26,5,24,9,20,11,18,13,16
1,28,4,25,5,24,9,20,11,18,13,16
1,28,2,27,4,25,5,24,9,20,11,18,13,16
1,28,3,26,4,25,5,24,9,20,11,18,13,16
1,28,2,27,3,26,5,24,6,23,9,20,11,18,13,16
1,28,4,25,5,24,6,23,9,20,11,18,13,16
1,28,2,27,4,25,5,24,6,23,9,20,11,18,13,16
1,28,3,26,4,25,5,24,6,23,9,20,11,18,13,16
1,28,5,24,7,22,8,21,9,20,11,18,13,16
1,28,5,24,6,23,7,22,8,21,9,20,11,18,13,16
1,28,2,27,3,26,10,19,11,18,13,16
1,28,2,27,3,26,5,24,10,19,11,18,13,16
1,28,2,27,3,26,7,22,10,19,11,18,13,16
1,28,4,25,5,24,7,22,12,17,13,16
1,28,2,27,4,25,5,24,7,22,12,17,13,16
1,28,5,24,7,22,8,21,12,17,13,16
1,28,2,27,5,24,7,22,8,21,12,17,13,16
4,25,5,24,7,22,9,20,12,17,13,16
1,28,4,25,5,24,7,22,9,20,12,17,13,16
2,27,4,25,5,24,7,22,9,20,12,17,13,16
1,28,2,27,4,25,5,24,7,22,9,20,12,17,13,16
1,28,6,23,7,22,9,20,12,17,13,16
1,28,2,27,6,23,7,22,9,20,12,17,13,16
4,25,6,23,7,22,9,20,12,17,13,16
1,28,4,25,6,23,7,22,9,20,12,17,13,16
2,27,4,25,6,23,7,22,9,20,12,17,13,16
1,28,2,27,4,25,6,23,7,22,9,20,12,17,13,16
4,25,5,24,6,23,7,22,9,20,12,17,13,16
2,27,4,25,5,24,6,23,7,22,9,20,12,17,13,16
1,28,3,26,4,25,7,22,10,19,12,17,13,16
2,27,6,23,7,22,8,21,10,19,12,17,13,16
2,27,6,23,7,22,9,20,10,19,12,17,13,16
4,25,5,24,7,22,11,18,12,17,13,16
2,27,4,25,5,24,7,22,11,18,12,17,13,16
3,26,4,25,5,24,7,22,11,18,12,17,13,16
1,28,5,24,7,22,8,21,11,18,12,17,13,16
2,27,5,24,7,22,8,21,11,18,12,17,13,16
1,28,2,27,3,26,9,20,11,18,12,17,13,16
1,28,2,27,4,25,9,20,11,18,12,17,13,16
1,28,2,27,6,23,9,20,11,18,12,17,13,16
1,28,2,27,4,25,6,23,9,20,11,18,12,17,13,16
1,28,6,23,7,22,9,20,11,18,12,17,13,16
4,25,6,23,7,22,9,20,11,18,12,17,13,16
1,28,4,25,6,23,7,22,9,20,11,18,12,17,13,16
2,27,3,26,8,21,9,20,11,18,12,17,13,16
2,27,6,23,8,21,9,20,11,18,12,17,13,16
1,28,4,25,10,19,11,18,12,17,13,16
1,28,3,26,4,25,10,19,11,18,12,17,13,16
1,28,4,25,6,23,10,19,11,18,12,17,13,16
1,28,4,25,7,22,10,19,11,18,12,17,13,16
1,28,3,26,4,25,7,22,10,19,11,18,12,17,13,16
2,27,8,21,10,19,11,18,12,17,13,16
1,28,5,24,8,21,10,19,11,18,12,17,13,16
2,27,5,24,8,21,10,19,11,18,12,17,13,16
2,27,7,22,8,21,10,19,11,18,12,17,13,16
1,28,3,26,4,25,5,24,6,23,9,20,14,15
1,28,3,26,4,25,6,23,7,22,9,20,14,15
2,27,3,26,4,25,6,23,7,22,9,20,14,15
1,28,3,26,4,25,5,24,6,23,7,22,9,20,14,15
2,27,5,24,6,23,8,21,9,20,14,15
2,27,3,26,5,24,6,23,8,21,9,20,14,15
2,27,3,26,5,24,7,22,8,21,9,20,14,15
2,27,5,24,6,23,7,22,8,21,9,20,14,15
2,27,3,26,5,24,6,23,7,22,8,21,9,20,14,15
1,28,3,26,4,25,5,24,7,22,10,19,14,15
1,28,4,25,5,24,6,23,7,22,10,19,14,15
2,27,3,26,5,24,8,21,10,19,14,15
1,28,2,27,3,26,5,24,8,21,10,19,14,15
2,27,3,26,4,25,5,24,8,21,10,19,14,15
3,26,5,24,7,22,8,21,10,19,14,15
3,26,4,25,5,24,7,22,8,21,10,19,14,15
3,26,5,24,6,23,7,22,8,21,10,19,14,15
4,25,5,24,6,23,7,22,8,21,10,19,14,15
1,28,3,26,4,25,6,23,9,20,10,19,14,15
2,27,3,26,4,25,6,23,9,20,10,19,14,15
1,28,2,27,6,23,8,21,9,20,10,19,14,15
1,28,3,26,6,23,8,21,9,20,10,19,14,15
1,28,2,27,3,26,6,23,8,21,9,20,10,19,14,15
1,28,3,26,4,25,5,24,8,21,11,18,14,15
1,28,3,26,4,25,5,24,9,20,11,18,14,15
2,27,5,24,6,23,8,21,9,20,11,18,14,15
1,28,3,26,8,21,10,19,11,18,14,15
1,28,2,27,3,26,8,21,10,19,11,18,14,15
3,26,5,24,8,21,10,19,11,18,14,15
1,28,3,26,5,24,8,21,10,19,11,18,14,15
2,27,3,26,5,24,8,21,10,19,11,18,14,15
1,28,2,27,3,26,5,24,8,21,10,19,11,18,14,15
3,26,4,25,5,24,8,21,10,19,11,18,14,15
2,27,3,26,4,25,5,24,8,21,10,19,11,18,14,15
3,26,6,23,8,21,10,19,11,18,14,15
1,28,3,26,6,23,8,21,10,19,11,18,14,15
2,27,3,26,6,23,8,21,10,19,11,18,14,15
1,28,2,27,3,26,6,23,8,21,10,19,11,18,14,15
3,26,4,25,6,23,9,20,10,19,11,18,14,15
2,27,3,26,4,25,6,23,9,20,10,19,11,18,14,15
3,26,6,23,8,21,9,20,10,19,11,18,14,15
2,27,3,26,6,23,8,21,9,20,10,19,11,18,14,15
4,25,5,24,6,23,8,21,9,20,12,17,14,15
4,25,6,23,7,22,8,21,9,20,12,17,14,15
4,25,5,24,6,23,7,22,8,21,9,20,12,17,14,15
2,27,3,26,4,25,10,19,12,17,14,15
2,27,3,26,4,25,6,23,10,19,12,17,14,15
2,27,7,22,8,21,10,19,12,17,14,15
3,26,7,22,8,21,10,19,12,17,14,15
2,27,3,26,7,22,8,21,10,19,12,17,14,15
4,25,7,22,8,21,10,19,12,17,14,15
2,27,6,23,7,22,8,21,10,19,12,17,14,15
3,26,6,23,7,22,8,21,10,19,12,17,14,15
2,27,3,26,6,23,7,22,8,21,10,19,12,17,14,15
4,25,6,23,7,22,8,21,10,19,12,17,14,15
2,27,3,26,9,20,10,19,12,17,14,15
1,28,2,27,3,26,9,20,10,19,12,17,14,15
2,27,3,26,4,25,9,20,10,19,12,17,14,15
2,27,8,21,9,20,10,19,12,17,14,15
1,28,2,27,8,21,9,20,10,19,12,17,14,15
2,27,3,26,8,21,9,20,10,19,12,17,14,15
1,28,2,27,3,26,8,21,9,20,10,19,12,17,14,15
4,25,7,22,8,21,9,20,10,19,12,17,14,15
2,27,3,26,4,25,11,18,12,17,14,15
2,27,3,26,5,24,11,18,12,17,14,15
2,27,3,26,4,25,5,24,11,18,12,17,14,15
2,27,3,26,4,25,6,23,11,18,12,17,14,15
2,27,3,26,5,24,7,22,11,18,12,17,14,15
1,28,3,26,8,21,11,18,12,17,14,15
3,26,4,25,8,21,11,18,12,17,14,15
2,27,3,26,4,25,8,21,11,18,12,17,14,15
3,26,5,24,8,21,11,18,12,17,14,15
1,28,3,26,5,24,8,21,11,18,12,17,14,15
2,27,3,26,5,24,8,21,11,18,12,17,14,15
3,26,4,25,5,24,8,21,11,18,12,17,14,15
2,27,3,26,4,25,5,24,8,21,11,18,12,17,14,15
2,27,6,23,8,21,11,18,12,17,14,15
1,28,2,27,6,23,8,21,11,18,12,17,14,15
4,25,6,23,8,21,11,18,12,17,14,15
1,28,4,25,6,23,8,21,11,18,12,17,14,15
3,26,5,24,7,22,8,21,11,18,12,17,14,15
2,27,3,26,5,24,7,22,8,21,11,18,12,17,14,15
2,27,6,23,7,22,8,21,11,18,12,17,14,15
2,27,3,26,9,20,11,18,12,17,14,15
2,27,3,26,4,25,9,20,11,18,12,17,14,15
3,26,4,25,5,24,9,20,11,18,12,17,14,15
2,27,3,26,8,21,9,20,11,18,12,17,14,15
3,26,4,25,8,21,9,20,11,18,12,17,14,15
2,27,3,26,4,25,8,21,9,20,11,18,12,17,14,15
4,25,6,23,8,21,9,20,11,18,12,17,14,15
2,27,3,26,4,25,10,19,11,18,12,17,14,15
2,27,3,26,4,25,6,23,10,19,11,18,12,17,14,15
1,28,3,26,8,21,10,19,11,18,12,17,14,15
2,27,3,26,8,21,10,19,11,18,12,17,14,15
4,25,8,21,10,19,11,18,12,17,14,15
3,26,4,25,8,21,10,19,11,18,12,17,14,15
3,26,5,24,8,21,10,19,11,18,12,17,14,15
1,28,3,26,5,24,8,21,10,19,11,18,12,17,14,15
4,25,5,24,8,21,10,19,11,18,12,17,14,15
3,26,4,25,5,24,8,21,10,19,11,18,12,17,14,15
2,27,6,23,8,21,10,19,11,18,12,17,14,15
1,28,2,27,6,23,8,21,10,19,11,18,12,17,14,15
2,27,7,22,8,21,10,19,11,18,12,17,14,15
2,27,6,23,7,22,8,21,10,19,11,18,12,17,14,15
2,27,3,26,9,20,10,19,11,18,12,17,14,15
2,27,3,26,4,25,9,20,10,19,11,18,12,17,14,15
4,25,8,21,9,20,10,19,11,18,12,17,14,15
3,26,4,25,8,21,9,20,10,19,11,18,12,17,14,15
1,28,4,25,5,24,9,20,13,16,14,15
1,28,3,26,4,25,5,24,9,20,13,16,14,15
1,28,5,24,6,23,9,20,13,16,14,15
1,28,3,26,5,24,6,23,9,20,13,16,14,15
1,28,4,25,5,24,6,23,9,20,13,16,14,15
1,28,3,26,4,25,5,24,6,23,9,20,13,16,14,15
4,25,5,24,7,22,9,20,13,16,14,15
1,28,4,25,5,24,7,22,9,20,13,16,14,15
3,26,4,25,5,24,7,22,9,20,13,16,14,15
1,28,3,26,4,25,5,24,7,22,9,20,13,16,14,15
4,25,6,23,7,22,9,20,13,16,14,15
4,25,5,24,6,23,7,22,9,20,13,16,14,15
1,28,5,24,8,21,9,20,13,16,14,15
2,27,5,24,6,23,8,21,9,20,13,16,14,15
4,25,5,24,7,22,8,21,9,20,13,16,14,15
4,25,6,23,7,22,8,21,9,20,13,16,14,15
4,25,5,24,6,23,7,22,8,21,9,20,13,16,14,15
2,27,3,26,5,24,10,19,13,16,14,15
2,27,3,26,4,25,5,24,10,19,13,16,14,15
2,27,3,26,5,24,7,22,10,19,13,16,14,15
3,26,4,25,5,24,7,22,10,19,13,16,14,15
1,28,3,26,4,25,5,24,7,22,10,19,13,16,14,15
1,28,5,24,6,23,7,22,10,19,13,16,14,15
1,28,4,25,5,24,6,23,7,22,10,19,13,16,14,15
4,25,6,23,7,22,8,21,10,19,13,16,14,15
4,25,5,24,6,23,7,22,8,21,10,19,13,16,14,15
1,28,6,23,9,20,10,19,13,16,14,15
1,28,6,23,8,21,9,20,10,19,13,16,14,15
2,27,5,24,6,23,11,18,13,16,14,15
2,27,4,25,5,24,6,23,11,18,13,16,14,15
2,27,5,24,6,23,8,21,11,18,13,16,14,15
2,27,5,24,6,23,9,20,11,18,13,16,14,15
1,28,5,24,8,21,9,20,11,18,13,16,14,15
2,27,5,24,6,23,8,21,9,20,11,18,13,16,14,15
2,27,3,26,10,19,11,18,13,16,14,15
4,25,6,23,10,19,11,18,13,16,14,15
1,28,4,25,6,23,10,19,11,18,13,16,14,15
2,27,4,25,6,23,10,19,11,18,13,16,14,15
2,27,5,24,6,23,10,19,11,18,13,16,14,15
4,25,5,24,6,23,10,19,11,18,13,16,14,15
2,27,4,25,5,24,6,23,10,19,11,18,13,16,14,15
2,27,3,26,7,22,10,19,11,18,13,16,14,15
1,28,3,26,8,21,10,19,11,18,13,16,14,15
2,27,3,26,9,20,10,19,11,18,13,16,14,15
1,28,4,25,5,24,7,22,12,17,13,16,14,15
2,27,3,26,4,25,9,20,12,17,13,16,14,15
1,28,4,25,5,24,9,20,12,17,13,16,14,15
3,26,4,25,5,24,9,20,12,17,13,16,14,15
1,28,5,24,6,23,9,20,12,17,13,16,14,15
1,28,4,25,5,24,6,23,9,20,12,17,13,16,14,15
2,27,4,25,7,22,9,20,12,17,13,16,14,15
4,25,5,24,7,22,9,20,12,17,13,16,14,15
1,28,4,25,5,24,7,22,9,20,12,17,13,16,14,15
4,25,6,23,7,22,9,20,12,17,13,16,14,15
4,25,5,24,6,23,7,22,9,20,12,17,13,16,14,15
1,28,3,26,8,21,9,20,12,17,13,16,14,15
1,28,5,24,8,21,9,20,12,17,13,16,14,15
2,27,3,26,10,19,12,17,13,16,14,15
2,27,3,26,7,22,10,19,12,17,13,16,14,15
2,27,8,21,10,19,12,17,13,16,14,15
2,27,3,26,8,21,10,19,12,17,13,16,14,15
2,27,5,24,8,21,10,19,12,17,13,16,14,15
2,27,7,22,8,21,10,19,12,17,13,16,14,15
3,26,7,22,8,21,10,19,12,17,13,16,14,15
2,27,3,26,7,22,8,21,10,19,12,17,13,16,14,15
2,27,3,26,9,20,10,19,12,17,13,16,14,15
1,28,6,23,9,20,10,19,12,17,13,16,14,15
2,27,7,22,9,20,10,19,12,17,13,16,14,15
1,28,8,21,9,20,10,19,12,17,13,16,14,15
2,27,8,21,9,20,10,19,12,17,13,16,14,15
1,28,3,26,8,21,9,20,10,19,12,17,13,16,14,15
2,27,3,26,8,21,9,20,10,19,12,17,13,16,14,15
2,27,5,24,7,22,11,18,12,17,13,16,14,15
1,28,3,26,8,21,11,18,12,17,13,16,14,15
1,28,5,24,8,21,11,18,12,17,13,16,14,15
2,27,5,24,7,22,8,21,11,18,12,17,13,16,14,15
2,27,3,26,9,20,11,18,12,17,13,16,14,15
2,27,3,26,8,21,9,20,11,18,12,17,13,16,14,15
2,27,3,26,10,19,11,18,12,17,13,16,14,15
1,28,4,25,10,19,11,18,12,17,13,16,14,15
4,25,6,23,10,19,11,18,12,17,13,16,14,15
1,28,4,25,6,23,10,19,11,18,12,17,13,16,14,15
2,27,3,26,7,22,10,19,11,18,12,17,13,16,14,15
2,27,8,21,10,19,11,18,12,17,13,16,14,15
1,28,3,26,8,21,10,19,11,18,12,17,13,16,14,15
1,28,5,24,8,21,10,19,11,18,12,17,13,16,14,15
2,27,5,24,8,21,10,19,11,18,12,17,13,16,14,15
2,27,7,22,8,21,10,19,11,18,12,17,13,16,14,15
2,27,3,26,9,20,10,19,11,18,12,17,13,16,14,15
