1,39,4,36,5,35,6,34,7,33,8,32,9,31,12,28,14,26
1,39,4,36,5,35,6,34,8,32,9,31,12,28,14,26,17,23
1,39,4,36,5,35,6,34,7,33,8,32,9,31,12,28,14,26,17,23
2,38,3,37,4,36,11,29,12,28,13,27,15,25,16,24,18,22
1,39,2,38,4,36,5,35,7,33,12,28,16,24,17,23,18,22
2,38,4,36,5,35,7,33,9,31,12,28,16,24,17,23,18,22
1,39,2,38,4,36,5,35,7,33,9,31,12,28,16,24,17,23,18,22
3,37,4,36,6,34,8,32,11,29,12,28,14,26,15,25,19,21
4,36,6,34,8,32,11,29,12,28,13,27,14,26,15,25,19,21
3,37,4,36,6,34,8,32,11,29,12,28,13,27,14,26,15,25,19,21
2,38,3,37,4,36,12,28,13,27,15,25,16,24,18,22,19,21
2,38,3,37,4,36,11,29,12,28,13,27,15,25,16,24,18,22,19,21
