1,25,2,24,4,22,5,21,6,20
1,25,3,23,4,22,6,20,7,19
1,25,4,22,5,21,6,20,7,19
1,25,3,23,4,22,5,21,6,20,7,19
1,25,3,23,4,22,5,21,8,18
2,24,3,23,5,21,6,20,8,18
1,25,3,23,4,22,5,21,6,20,8,18
2,24,3,23,4,22,5,21,7,19,8,18
1,25,2,24,6,20,7,19,8,18
1,25,2,24,3,23,6,20,7,19,8,18
2,24,3,23,5,21,6,20,7,19,8,18
1,25,4,22,5,21,6,20,7,19,8,18
1,25,4,22,5,21,6,20,9,17
1,25,2,24,4,22,5,21,6,20,9,17
1,25,3,23,4,22,5,21,6,20,9,17
2,24,4,22,5,21,7,19,9,17
1,25,2,24,4,22,5,21,7,19,9,17
1,25,3,23,4,22,6,20,7,19,9,17
2,24,3,23,4,22,6,20,7,19,9,17
1,25,4,22,5,21,6,20,7,19,9,17
2,24,4,22,5,21,6,20,7,19,9,17
1,25,3,23,4,22,5,21,6,20,7,19,9,17
1,25,2,24,3,23,6,20,8,18,9,17
2,24,3,23,5,21,6,20,8,18,9,17
1,25,4,22,5,21,6,20,8,18,9,17
1,25,4,22,5,21,7,19,8,18,9,17
2,24,4,22,5,21,7,19,8,18,9,17
1,25,2,24,4,22,5,21,7,19,8,18,9,17
1,25,4,22,6,20,7,19,8,18,9,17
2,24,3,23,5,21,6,20,7,19,8,18,9,17
1,25,4,22,5,21,6,20,7,19,8,18,9,17
2,24,4,22,6,20,10,16
1,25,2,24,4,22,6,20,10,16
2,24,3,23,4,22,6,20,10,16
1,25,4,22,5,21,6,20,10,16
2,24,4,22,5,21,6,20,10,16
1,25,3,23,4,22,5,21,6,20,10,16
2,24,3,23,4,22,5,21,6,20,10,16
2,24,3,23,5,21,7,19,10,16
1,25,2,24,3,23,5,21,7,19,10,16
2,24,4,22,6,20,7,19,10,16
1,25,2,24,4,22,6,20,7,19,10,16
2,24,3,23,4,22,6,20,7,19,10,16
1,25,2,24,5,21,6,20,7,19,10,16
2,24,3,23,5,21,6,20,7,19,10,16
1,25,2,24,3,23,5,21,6,20,7,19,10,16
1,25,4,22,5,21,6,20,7,19,10,16
2,24,4,22,5,21,6,20,7,19,10,16
1,25,2,24,3,23,5,21,8,18,10,16
1,25,3,23,4,22,5,21,8,18,10,16
1,25,4,22,5,21,6,20,8,18,10,16
1,25,3,23,4,22,5,21,6,20,8,18,10,16
1,25,3,23,4,22,7,19,8,18,10,16
1,25,4,22,5,21,6,20,7,19,8,18,10,16
1,25,2,24,4,22,5,21,9,17,10,16
2,24,4,22,6,20,9,17,10,16
1,25,2,24,4,22,6,20,9,17,10,16
2,24,3,23,4,22,6,20,9,17,10,16
2,24,4,22,5,21,6,20,9,17,10,16
2,24,3,23,4,22,5,21,6,20,9,17,10,16
2,24,3,23,7,19,9,17,10,16
1,25,2,24,3,23,7,19,9,17,10,16
2,24,3,23,4,22,7,19,9,17,10,16
2,24,3,23,5,21,7,19,9,17,10,16
1,25,2,24,3,23,5,21,7,19,9,17,10,16
2,24,4,22,5,21,7,19,9,17,10,16
1,25,2,24,4,22,5,21,7,19,9,17,10,16
1,25,6,20,7,19,9,17,10,16
1,25,2,24,6,20,7,19,9,17,10,16
2,24,3,23,6,20,7,19,9,17,10,16
1,25,4,22,6,20,7,19,9,17,10,16
2,24,4,22,6,20,7,19,9,17,10,16
1,25,2,24,4,22,6,20,7,19,9,17,10,16
2,24,3,23,4,22,6,20,7,19,9,17,10,16
1,25,5,21,6,20,7,19,9,17,10,16
1,25,2,24,5,21,6,20,7,19,9,17,10,16
2,24,3,23,5,21,6,20,7,19,9,17,10,16
2,24,4,22,5,21,6,20,7,19,9,17,10,16
2,24,7,19,8,18,9,17,10,16
2,24,3,23,7,19,8,18,9,17,10,16
2,24,4,22,7,19,8,18,9,17,10,16
2,24,3,23,4,22,7,19,8,18,9,17,10,16
2,24,5,21,7,19,8,18,9,17,10,16
2,24,4,22,5,21,7,19,8,18,9,17,10,16
1,25,2,24,4,22,5,21,6,20,11,15
1,25,3,23,4,22,6,20,7,19,11,15
1,25,4,22,5,21,6,20,7,19,11,15
1,25,3,23,4,22,5,21,6,20,7,19,11,15
1,25,3,23,4,22,5,21,8,18,11,15
3,23,4,22,5,21,6,20,8,18,11,15
1,25,3,23,4,22,5,21,6,20,8,18,11,15
1,25,2,24,6,20,7,19,8,18,11,15
1,25,2,24,3,23,6,20,7,19,8,18,11,15
2,24,3,23,4,22,6,20,9,17,11,15
4,22,5,21,6,20,9,17,11,15
1,25,4,22,5,21,6,20,9,17,11,15
3,23,4,22,5,21,6,20,9,17,11,15
1,25,3,23,4,22,5,21,6,20,9,17,11,15
2,24,3,23,4,22,7,19,9,17,11,15
3,23,4,22,6,20,7,19,9,17,11,15
1,25,3,23,4,22,6,20,7,19,9,17,11,15
2,24,3,23,4,22,6,20,7,19,9,17,11,15
4,22,5,21,6,20,7,19,9,17,11,15
1,25,4,22,5,21,6,20,7,19,9,17,11,15
3,23,4,22,5,21,6,20,7,19,9,17,11,15
1,25,3,23,4,22,5,21,6,20,7,19,9,17,11,15
2,24,6,20,8,18,9,17,11,15
1,25,2,24,6,20,8,18,9,17,11,15
2,24,5,21,6,20,8,18,9,17,11,15
1,25,2,24,5,21,6,20,8,18,9,17,11,15
4,22,5,21,6,20,8,18,9,17,11,15
1,25,4,22,5,21,6,20,8,18,9,17,11,15
3,23,4,22,5,21,6,20,8,18,9,17,11,15
1,25,2,24,3,23,5,21,10,16,11,15
2,24,4,22,6,20,10,16,11,15
1,25,2,24,4,22,6,20,10,16,11,15
2,24,3,23,4,22,6,20,10,16,11,15
2,24,3,23,4,22,7,19,10,16,11,15
2,24,3,23,5,21,7,19,10,16,11,15
1,25,2,24,3,23,5,21,7,19,10,16,11,15
2,24,4,22,6,20,7,19,10,16,11,15
1,25,2,24,4,22,6,20,7,19,10,16,11,15
3,23,4,22,6,20,7,19,10,16,11,15
2,24,3,23,4,22,6,20,7,19,10,16,11,15
1,25,2,24,3,23,8,18,10,16,11,15
1,25,3,23,5,21,8,18,10,16,11,15
1,25,2,24,3,23,5,21,8,18,10,16,11,15
1,25,3,23,4,22,5,21,8,18,10,16,11,15
3,23,7,19,8,18,10,16,11,15
2,24,3,23,7,19,8,18,10,16,11,15
1,25,6,20,7,19,8,18,10,16,11,15
3,23,6,20,7,19,8,18,10,16,11,15
1,25,2,24,9,17,10,16,11,15
1,25,2,24,3,23,9,17,10,16,11,15
1,25,2,24,4,22,9,17,10,16,11,15
1,25,2,24,5,21,9,17,10,16,11,15
1,25,2,24,3,23,5,21,9,17,10,16,11,15
1,25,2,24,4,22,5,21,9,17,10,16,11,15
2,24,3,23,6,20,9,17,10,16,11,15
2,24,4,22,6,20,9,17,10,16,11,15
2,24,3,23,4,22,6,20,9,17,10,16,11,15
2,24,7,19,9,17,10,16,11,15
1,25,2,24,7,19,9,17,10,16,11,15
2,24,3,23,7,19,9,17,10,16,11,15
1,25,2,24,3,23,7,19,9,17,10,16,11,15
2,24,4,22,7,19,9,17,10,16,11,15
1,25,2,24,4,22,7,19,9,17,10,16,11,15
2,24,3,23,4,22,7,19,9,17,10,16,11,15
2,24,5,21,7,19,9,17,10,16,11,15
1,25,2,24,5,21,7,19,9,17,10,16,11,15
2,24,3,23,5,21,7,19,9,17,10,16,11,15
1,25,2,24,3,23,5,21,7,19,9,17,10,16,11,15
2,24,6,20,7,19,9,17,10,16,11,15
3,23,6,20,7,19,9,17,10,16,11,15
2,24,3,23,6,20,7,19,9,17,10,16,11,15
4,22,6,20,7,19,9,17,10,16,11,15
2,24,4,22,6,20,7,19,9,17,10,16,11,15
3,23,4,22,6,20,7,19,9,17,10,16,11,15
2,24,3,23,4,22,6,20,7,19,9,17,10,16,11,15
3,23,7,19,8,18,9,17,10,16,11,15
3,23,6,20,7,19,8,18,9,17,10,16,11,15
1,25,2,24,4,22,5,21,6,20,12,14
1,25,3,23,4,22,6,20,7,19,12,14
1,25,4,22,5,21,6,20,7,19,12,14
1,25,3,23,4,22,5,21,6,20,7,19,12,14
1,25,2,24,3,23,5,21,8,18,12,14
1,25,3,23,4,22,5,21,8,18,12,14
4,22,6,20,8,18,12,14
1,25,4,22,6,20,8,18,12,14
3,23,4,22,6,20,8,18,12,14
1,25,3,23,4,22,6,20,8,18,12,14
4,22,5,21,6,20,8,18,12,14
1,25,4,22,5,21,6,20,8,18,12,14
3,23,4,22,5,21,6,20,8,18,12,14
1,25,3,23,4,22,5,21,6,20,8,18,12,14
1,25,4,22,5,21,7,19,8,18,12,14
4,22,6,20,7,19,8,18,12,14
1,25,4,22,6,20,7,19,8,18,12,14
3,23,4,22,6,20,7,19,8,18,12,14
4,22,5,21,6,20,7,19,8,18,12,14
1,25,4,22,5,21,6,20,7,19,8,18,12,14
3,23,4,22,5,21,6,20,7,19,8,18,12,14
2,24,3,23,4,22,5,21,9,17,12,14
1,25,4,22,5,21,6,20,9,17,12,14
1,25,2,24,4,22,5,21,6,20,9,17,12,14
1,25,5,21,6,20,7,19,9,17,12,14
4,22,5,21,6,20,7,19,9,17,12,14
1,25,4,22,5,21,6,20,7,19,9,17,12,14
3,23,5,21,8,18,9,17,12,14
1,25,3,23,5,21,8,18,9,17,12,14
4,22,6,20,8,18,9,17,12,14
1,25,4,22,6,20,8,18,9,17,12,14
1,25,5,21,6,20,8,18,9,17,12,14
4,22,5,21,6,20,8,18,9,17,12,14
1,25,4,22,5,21,6,20,8,18,9,17,12,14
1,25,5,21,7,19,8,18,9,17,12,14
3,23,5,21,7,19,8,18,9,17,12,14
1,25,3,23,5,21,7,19,8,18,9,17,12,14
4,22,5,21,7,19,8,18,9,17,12,14
1,25,4,22,5,21,7,19,8,18,9,17,12,14
1,25,6,20,7,19,8,18,9,17,12,14
4,22,6,20,7,19,8,18,9,17,12,14
1,25,4,22,6,20,7,19,8,18,9,17,12,14
1,25,5,21,6,20,7,19,8,18,9,17,12,14
4,22,5,21,6,20,7,19,8,18,9,17,12,14
1,25,4,22,5,21,6,20,7,19,8,18,9,17,12,14
3,23,4,22,7,19,10,16,12,14
1,25,3,23,4,22,7,19,10,16,12,14
3,23,4,22,5,21,7,19,10,16,12,14
1,25,3,23,4,22,5,21,7,19,10,16,12,14
2,24,8,18,10,16,12,14
1,25,2,24,8,18,10,16,12,14
2,24,3,23,8,18,10,16,12,14
1,25,2,24,3,23,8,18,10,16,12,14
2,24,5,21,8,18,10,16,12,14
1,25,2,24,5,21,8,18,10,16,12,14
2,24,3,23,5,21,8,18,10,16,12,14
1,25,2,24,3,23,5,21,8,18,10,16,12,14
2,24,7,19,8,18,10,16,12,14
1,25,2,24,7,19,8,18,10,16,12,14
2,24,3,23,7,19,8,18,10,16,12,14
1,25,2,24,3,23,7,19,8,18,10,16,12,14
4,22,5,21,9,17,10,16,12,14
3,23,4,22,5,21,9,17,10,16,12,14
2,24,7,19,9,17,10,16,12,14
1,25,2,24,7,19,9,17,10,16,12,14
1,25,6,20,7,19,9,17,10,16,12,14
2,24,6,20,7,19,9,17,10,16,12,14
1,25,2,24,6,20,7,19,9,17,10,16,12,14
1,25,5,21,6,20,7,19,9,17,10,16,12,14
2,24,8,18,9,17,10,16,12,14
2,24,3,23,8,18,9,17,10,16,12,14
2,24,5,21,8,18,9,17,10,16,12,14
3,23,5,21,8,18,9,17,10,16,12,14
3,23,7,19,8,18,9,17,10,16,12,14
3,23,5,21,7,19,8,18,9,17,10,16,12,14
1,25,2,24,3,23,5,21,11,15,12,14
1,25,3,23,4,22,6,20,11,15,12,14
1,25,5,21,6,20,11,15,12,14
1,25,2,24,5,21,6,20,11,15,12,14
1,25,3,23,5,21,6,20,11,15,12,14
1,25,2,24,3,23,5,21,6,20,11,15,12,14
1,25,4,22,5,21,6,20,11,15,12,14
1,25,2,24,4,22,5,21,6,20,11,15,12,14
1,25,3,23,4,22,5,21,6,20,11,15,12,14
1,25,3,23,4,22,6,20,7,19,11,15,12,14
1,25,3,23,8,18,11,15,12,14
1,25,2,24,3,23,8,18,11,15,12,14
3,23,4,22,8,18,11,15,12,14
2,24,3,23,4,22,8,18,11,15,12,14
3,23,5,21,8,18,11,15,12,14
1,25,3,23,5,21,8,18,11,15,12,14
2,24,3,23,5,21,8,18,11,15,12,14
1,25,2,24,3,23,5,21,8,18,11,15,12,14
3,23,4,22,5,21,8,18,11,15,12,14
2,24,3,23,4,22,5,21,8,18,11,15,12,14
3,23,6,20,8,18,11,15,12,14
1,25,3,23,6,20,8,18,11,15,12,14
4,22,6,20,8,18,11,15,12,14
1,25,4,22,6,20,8,18,11,15,12,14
1,25,5,21,6,20,8,18,11,15,12,14
4,22,5,21,6,20,8,18,11,15,12,14
1,25,4,22,5,21,6,20,8,18,11,15,12,14
1,25,7,19,8,18,11,15,12,14
1,25,2,24,7,19,8,18,11,15,12,14
1,25,3,23,7,19,8,18,11,15,12,14
1,25,2,24,3,23,7,19,8,18,11,15,12,14
1,25,5,21,7,19,8,18,11,15,12,14
3,23,5,21,7,19,8,18,11,15,12,14
1,25,3,23,5,21,7,19,8,18,11,15,12,14
3,23,6,20,7,19,8,18,11,15,12,14
2,24,3,23,9,17,11,15,12,14
2,24,3,23,4,22,9,17,11,15,12,14
2,24,5,21,6,20,9,17,11,15,12,14
2,24,3,23,7,19,9,17,11,15,12,14
2,24,3,23,4,22,7,19,9,17,11,15,12,14
1,25,3,23,8,18,9,17,11,15,12,14
2,24,3,23,8,18,9,17,11,15,12,14
3,23,4,22,8,18,9,17,11,15,12,14
2,24,3,23,4,22,8,18,9,17,11,15,12,14
3,23,5,21,8,18,9,17,11,15,12,14
1,25,3,23,5,21,8,18,9,17,11,15,12,14
4,22,6,20,8,18,9,17,11,15,12,14
1,25,4,22,6,20,8,18,9,17,11,15,12,14
1,25,7,19,8,18,9,17,11,15,12,14
2,24,7,19,8,18,9,17,11,15,12,14
1,25,2,24,7,19,8,18,9,17,11,15,12,14
1,25,3,23,7,19,8,18,9,17,11,15,12,14
2,24,3,23,7,19,8,18,9,17,11,15,12,14
1,25,5,21,7,19,8,18,9,17,11,15,12,14
3,23,5,21,7,19,8,18,9,17,11,15,12,14
1,25,3,23,5,21,7,19,8,18,9,17,11,15,12,14
1,25,4,22,10,16,11,15,12,14
1,25,2,24,5,21,10,16,11,15,12,14
2,24,3,23,5,21,10,16,11,15,12,14
1,25,2,24,3,23,5,21,10,16,11,15,12,14
1,25,4,22,7,19,10,16,11,15,12,14
4,22,5,21,7,19,10,16,11,15,12,14
2,24,8,18,10,16,11,15,12,14
1,25,2,24,8,18,10,16,11,15,12,14
1,25,3,23,8,18,10,16,11,15,12,14
2,24,3,23,8,18,10,16,11,15,12,14
1,25,2,24,3,23,8,18,10,16,11,15,12,14
1,25,5,21,8,18,10,16,11,15,12,14
2,24,5,21,8,18,10,16,11,15,12,14
1,25,2,24,5,21,8,18,10,16,11,15,12,14
3,23,5,21,8,18,10,16,11,15,12,14
1,25,3,23,5,21,8,18,10,16,11,15,12,14
2,24,3,23,5,21,8,18,10,16,11,15,12,14
1,25,2,24,3,23,5,21,8,18,10,16,11,15,12,14
3,23,6,20,8,18,10,16,11,15,12,14
1,25,3,23,6,20,8,18,10,16,11,15,12,14
2,24,7,19,8,18,10,16,11,15,12,14
3,23,7,19,8,18,10,16,11,15,12,14
2,24,3,23,7,19,8,18,10,16,11,15,12,14
3,23,6,20,7,19,8,18,10,16,11,15,12,14
2,24,3,23,9,17,10,16,11,15,12,14
1,25,4,22,9,17,10,16,11,15,12,14
4,22,5,21,9,17,10,16,11,15,12,14
3,23,4,22,5,21,9,17,10,16,11,15,12,14
1,25,6,20,9,17,10,16,11,15,12,14
2,24,7,19,9,17,10,16,11,15,12,14
1,25,4,22,7,19,9,17,10,16,11,15,12,14
2,24,6,20,7,19,9,17,10,16,11,15,12,14
2,24,8,18,9,17,10,16,11,15,12,14
2,24,3,23,8,18,9,17,10,16,11,15,12,14
2,24,5,21,8,18,9,17,10,16,11,15,12,14
3,23,5,21,8,18,9,17,10,16,11,15,12,14
3,23,7,19,8,18,9,17,10,16,11,15,12,14
