1,29,4,26,5,25,6,24,7,23,8,22
2,28,3,27,5,25,6,24,8,22,9,21
2,28,3,27,5,25,6,24,7,23,8,22,9,21
1,29,4,26,5,25,6,24,7,23,8,22,9,21
1,29,4,26,5,25,6,24,7,23,8,22,10,20
2,28,3,27,4,26,6,24,7,23,9,21,10,20
1,29,4,26,5,25,6,24,7,23,8,22,11,19
1,29,4,26,5,25,6,24,7,23,8,22,9,21,11,19
1,29,2,28,5,25,6,24,8,22,10,20,11,19
2,28,4,26,6,24,7,23,9,21,10,20,11,19
2,28,3,27,4,26,6,24,7,23,9,21,10,20,11,19
1,29,3,27,4,26,7,23,8,22,10,20,12,18
1,29,3,27,4,26,8,22,9,21,10,20,12,18
1,29,3,27,4,26,7,23,8,22,9,21,10,20,12,18
2,28,4,26,5,25,7,23,11,19,12,18
1,29,2,28,4,26,5,25,7,23,11,19,12,18
2,28,3,27,4,26,5,25,7,23,11,19,12,18
2,28,4,26,5,25,7,23,8,22,11,19,12,18
2,28,3,27,4,26,5,25,7,23,8,22,11,19,12,18
2,28,4,26,5,25,7,23,10,20,11,19,12,18
1,29,2,28,4,26,5,25,7,23,10,20,11,19,12,18
1,29,4,26,5,25,6,24,7,23,8,22,13,17
2,28,3,27,5,25,6,24,8,22,9,21,13,17
2,28,3,27,5,25,6,24,7,23,8,22,9,21,13,17
1,29,2,28,6,24,7,23,8,22,10,20,13,17
1,29,4,26,5,25,6,24,7,23,8,22,10,20,13,17
1,29,2,28,4,26,5,25,6,24,11,19,13,17
4,26,5,25,6,24,7,23,8,22,11,19,13,17
1,29,4,26,5,25,6,24,7,23,8,22,11,19,13,17
3,27,4,26,5,25,6,24,7,23,8,22,11,19,13,17
1,29,2,28,4,26,5,25,6,24,9,21,11,19,13,17
1,29,2,28,4,26,6,24,10,20,11,19,13,17
2,28,6,24,7,23,8,22,10,20,11,19,13,17
1,29,2,28,6,24,7,23,8,22,10,20,11,19,13,17
1,29,2,28,4,26,5,25,11,19,12,18,13,17
2,28,4,26,5,25,7,23,11,19,12,18,13,17
1,29,2,28,4,26,5,25,7,23,11,19,12,18,13,17
2,28,3,27,4,26,5,25,7,23,11,19,12,18,13,17
2,28,3,27,4,26,5,25,8,22,11,19,12,18,13,17
4,26,5,25,7,23,8,22,11,19,12,18,13,17
2,28,4,26,5,25,7,23,8,22,11,19,12,18,13,17
3,27,4,26,5,25,7,23,8,22,11,19,12,18,13,17
2,28,3,27,4,26,5,25,7,23,8,22,11,19,12,18,13,17
1,29,2,28,4,26,5,25,9,21,11,19,12,18,13,17
4,26,7,23,8,22,10,20,11,19,12,18,13,17
1,29,4,26,5,25,6,24,7,23,8,22,14,16
1,29,4,26,5,25,6,24,7,23,8,22,9,21,14,16
1,29,5,25,6,24,7,23,8,22,11,19,14,16
1,29,4,26,5,25,6,24,7,23,8,22,11,19,14,16
1,29,5,25,6,24,7,23,8,22,9,21,11,19,14,16
4,26,5,25,6,24,7,23,8,22,9,21,11,19,14,16
1,29,4,26,5,25,6,24,7,23,8,22,9,21,11,19,14,16
1,29,6,24,7,23,8,22,10,20,11,19,14,16
1,29,2,28,3,27,5,25,7,23,8,22,12,18,14,16
3,27,4,26,5,25,9,21,12,18,14,16
1,29,3,27,4,26,5,25,9,21,12,18,14,16
1,29,5,25,7,23,8,22,11,19,12,18,14,16
3,27,4,26,5,25,9,21,11,19,12,18,14,16
1,29,3,27,4,26,5,25,9,21,11,19,12,18,14,16
1,29,5,25,7,23,8,22,9,21,11,19,12,18,14,16
1,29,4,26,7,23,10,20,11,19,12,18,14,16
2,28,3,27,9,21,10,20,11,19,12,18,14,16
1,29,2,28,5,25,6,24,7,23,13,17,14,16
1,29,2,28,3,27,5,25,6,24,7,23,13,17,14,16
1,29,2,28,4,26,5,25,6,24,9,21,13,17,14,16
1,29,6,24,8,22,9,21,10,20,13,17,14,16
3,27,6,24,8,22,9,21,10,20,13,17,14,16
1,29,3,27,6,24,8,22,9,21,10,20,13,17,14,16
2,28,5,25,6,24,11,19,13,17,14,16
1,29,2,28,5,25,6,24,11,19,13,17,14,16
2,28,4,26,5,25,6,24,11,19,13,17,14,16
1,29,2,28,4,26,5,25,6,24,11,19,13,17,14,16
2,28,5,25,6,24,7,23,11,19,13,17,14,16
1,29,2,28,5,25,6,24,7,23,11,19,13,17,14,16
2,28,5,25,6,24,9,21,11,19,13,17,14,16
1,29,2,28,5,25,6,24,9,21,11,19,13,17,14,16
2,28,4,26,5,25,6,24,9,21,11,19,13,17,14,16
1,29,2,28,4,26,5,25,6,24,9,21,11,19,13,17,14,16
2,28,5,25,6,24,10,20,11,19,13,17,14,16
2,28,5,25,6,24,7,23,10,20,11,19,13,17,14,16
1,29,2,28,5,25,7,23,12,18,13,17,14,16
1,29,2,28,3,27,5,25,7,23,12,18,13,17,14,16
1,29,5,25,8,22,12,18,13,17,14,16
1,29,2,28,5,25,8,22,12,18,13,17,14,16
1,29,3,27,5,25,8,22,12,18,13,17,14,16
1,29,2,28,3,27,5,25,8,22,12,18,13,17,14,16
1,29,5,25,7,23,8,22,12,18,13,17,14,16
1,29,2,28,5,25,7,23,8,22,12,18,13,17,14,16
1,29,3,27,5,25,7,23,8,22,12,18,13,17,14,16
1,29,2,28,3,27,5,25,7,23,8,22,12,18,13,17,14,16
1,29,2,28,7,23,10,20,12,18,13,17,14,16
4,26,5,25,7,23,10,20,12,18,13,17,14,16
1,29,5,25,8,22,10,20,12,18,13,17,14,16
1,29,5,25,8,22,11,19,12,18,13,17,14,16
1,29,5,25,7,23,8,22,11,19,12,18,13,17,14,16
2,28,3,27,10,20,11,19,12,18,13,17,14,16
1,29,4,26,10,20,11,19,12,18,13,17,14,16
1,29,4,26,7,23,10,20,11,19,12,18,13,17,14,16
1,29,5,25,8,22,10,20,11,19,12,18,13,17,14,16
2,28,3,27,9,21,10,20,11,19,12,18,13,17,14,16
