2,34,3,33,4,32,6,30,7,29,9,27,10,26,11,25
1,35,3,33,4,32,7,29,8,28,10,26,12,24,14,22
1,35,4,32,5,31,6,30,7,29,8,28,10,26,12,24,14,22
1,35,3,33,4,32,7,29,8,28,9,27,10,26,12,24,14,22
2,34,3,33,5,31,6,30,8,28,9,27,13,23,14,22
2,34,3,33,5,31,6,30,7,29,8,28,9,27,13,23,14,22
1,35,3,33,4,32,7,29,8,28,10,26,12,24,13,23,14,22
2,34,4,32,6,30,7,29,9,27,10,26,11,25,15,21
1,35,2,34,4,32,6,30,7,29,9,27,10,26,11,25,15,21
2,34,3,33,4,32,6,30,7,29,9,27,10,26,11,25,15,21
2,34,5,31,6,30,8,28,9,27,13,23,14,22,15,21
2,34,3,33,5,31,6,30,8,28,9,27,13,23,14,22,15,21
1,35,2,34,4,32,6,30,7,29,11,25,13,23,14,22,15,21
2,34,5,31,6,30,8,28,9,27,11,25,13,23,14,22,15,21
1,35,5,31,6,30,8,28,10,26,11,25,13,23,14,22,15,21
2,34,3,33,5,31,7,29,8,28,9,27,11,25,12,24,16,20
2,34,3,33,5,31,8,28,10,26,11,25,12,24,16,20
1,35,2,34,3,33,5,31,8,28,10,26,11,25,12,24,16,20
2,34,3,33,5,31,8,28,9,27,10,26,11,25,12,24,16,20
1,35,2,34,6,30,7,29,8,28,10,26,12,24,13,23,16,20
1,35,2,34,4,32,5,31,6,30,11,25,12,24,14,22,16,20
2,34,7,29,8,28,10,26,12,24,13,23,15,21,16,20
2,34,7,29,8,28,9,27,10,26,12,24,13,23,15,21,16,20
2,34,7,29,8,28,9,27,11,25,12,24,13,23,15,21,16,20
1,35,2,34,4,32,5,31,12,24,14,22,15,21,16,20
1,35,2,34,4,32,5,31,7,29,12,24,14,22,15,21,16,20
1,35,2,34,4,32,5,31,9,27,12,24,14,22,15,21,16,20
1,35,4,32,5,31,9,27,12,24,13,23,14,22,15,21,16,20
2,34,3,33,4,32,6,30,7,29,9,27,10,26,11,25,17,19
1,35,3,33,4,32,7,29,8,28,9,27,10,26,12,24,17,19
2,34,3,33,4,32,5,31,6,30,7,29,11,25,14,22,17,19
3,33,5,31,6,30,7,29,8,28,10,26,13,23,14,22,17,19
4,32,6,30,8,28,10,26,11,25,12,24,13,23,14,22,17,19
1,35,4,32,8,28,9,27,10,26,11,25,12,24,15,21,17,19
4,32,8,28,10,26,11,25,12,24,14,22,15,21,17,19
4,32,5,31,8,28,10,26,11,25,12,24,14,22,15,21,17,19
4,32,8,28,9,27,10,26,11,25,12,24,14,22,15,21,17,19
1,35,2,34,3,33,5,31,6,30,7,29,10,26,16,20,17,19
2,34,5,31,6,30,8,28,10,26,11,25,12,24,16,20,17,19
1,35,3,33,6,30,9,27,10,26,14,22,16,20,17,19
1,35,3,33,5,31,6,30,9,27,10,26,14,22,16,20,17,19
2,34,3,33,4,32,12,24,13,23,14,22,16,20,17,19
2,34,4,32,6,30,7,29,12,24,13,23,14,22,16,20,17,19
2,34,3,33,4,32,9,27,12,24,13,23,14,22,16,20,17,19
3,33,4,32,5,31,9,27,12,24,13,23,14,22,16,20,17,19
2,34,3,33,4,32,11,25,12,24,13,23,14,22,16,20,17,19
1,35,2,34,6,30,10,26,11,25,13,23,15,21,16,20,17,19
2,34,7,29,8,28,10,26,12,24,13,23,15,21,16,20,17,19
1,35,6,30,9,27,10,26,14,22,15,21,16,20,17,19
1,35,3,33,6,30,9,27,10,26,14,22,15,21,16,20,17,19
1,35,6,30,9,27,10,26,13,23,14,22,15,21,16,20,17,19
