1,23,4,20,5,19,6,18
1,23,2,22,4,20,5,19,6,18
1,23,3,21,4,20,5,19,6,18
2,22,3,21,4,20,5,19,7,17
1,23,3,21,4,20,6,18,7,17
2,22,3,21,4,20,6,18,7,17
1,23,4,20,5,19,6,18,7,17
2,22,4,20,5,19,6,18,7,17
1,23,3,21,4,20,5,19,6,18,7,17
2,22,3,21,4,20,5,19,6,18,7,17
1,23,2,22,3,21,5,19,8,16
1,23,3,21,4,20,5,19,8,16
2,22,3,21,5,19,6,18,8,16
1,23,4,20,5,19,6,18,8,16
1,23,3,21,4,20,5,19,6,18,8,16
1,23,3,21,4,20,7,17,8,16
2,22,3,21,5,19,7,17,8,16
1,23,2,22,3,21,5,19,7,17,8,16
2,22,3,21,4,20,5,19,7,17,8,16
1,23,4,20,6,18,7,17,8,16
2,22,3,21,5,19,6,18,7,17,8,16
1,23,4,20,5,19,6,18,7,17,8,16
2,22,3,21,4,20,6,18,9,15
1,23,4,20,5,19,6,18,9,15
2,22,4,20,5,19,6,18,9,15
1,23,2,22,4,20,5,19,6,18,9,15
1,23,3,21,4,20,5,19,6,18,9,15
2,22,3,21,4,20,5,19,6,18,9,15
2,22,4,20,5,19,7,17,9,15
1,23,2,22,4,20,5,19,7,17,9,15
1,23,3,21,4,20,6,18,7,17,9,15
2,22,3,21,4,20,6,18,7,17,9,15
1,23,4,20,5,19,6,18,7,17,9,15
2,22,4,20,5,19,6,18,7,17,9,15
1,23,3,21,4,20,5,19,6,18,7,17,9,15
1,23,2,22,3,21,8,16,9,15
1,23,2,22,4,20,8,16,9,15
1,23,2,22,3,21,5,19,8,16,9,15
1,23,4,20,5,19,8,16,9,15
1,23,2,22,4,20,5,19,8,16,9,15
2,22,3,21,6,18,8,16,9,15
1,23,2,22,3,21,6,18,8,16,9,15
1,23,3,21,5,19,6,18,8,16,9,15
2,22,3,21,5,19,6,18,8,16,9,15
1,23,4,20,5,19,6,18,8,16,9,15
2,22,5,19,7,17,8,16,9,15
2,22,3,21,5,19,7,17,8,16,9,15
2,22,4,20,5,19,7,17,8,16,9,15
2,22,6,18,7,17,8,16,9,15
2,22,3,21,6,18,7,17,8,16,9,15
2,22,5,19,6,18,7,17,8,16,9,15
2,22,3,21,5,19,6,18,7,17,8,16,9,15
1,23,3,21,4,20,6,18,10,14
1,23,4,20,5,19,6,18,10,14
1,23,3,21,4,20,5,19,6,18,10,14
4,20,5,19,6,18,7,17,10,14
1,23,4,20,5,19,6,18,7,17,10,14
2,22,4,20,5,19,6,18,7,17,10,14
1,23,2,22,3,21,8,16,10,14
2,22,3,21,5,19,8,16,10,14
1,23,2,22,3,21,5,19,8,16,10,14
3,21,4,20,5,19,8,16,10,14
1,23,3,21,4,20,5,19,8,16,10,14
2,22,3,21,4,20,5,19,8,16,10,14
2,22,3,21,7,17,8,16,10,14
1,23,2,22,3,21,7,17,8,16,10,14
3,21,4,20,6,18,9,15,10,14
1,23,3,21,4,20,6,18,9,15,10,14
2,22,3,21,4,20,6,18,9,15,10,14
1,23,2,22,8,16,9,15,10,14
1,23,2,22,3,21,8,16,9,15,10,14
1,23,2,22,4,20,8,16,9,15,10,14
1,23,5,19,8,16,9,15,10,14
2,22,5,19,8,16,9,15,10,14
1,23,2,22,5,19,8,16,9,15,10,14
3,21,5,19,8,16,9,15,10,14
1,23,3,21,5,19,8,16,9,15,10,14
2,22,3,21,5,19,8,16,9,15,10,14
1,23,2,22,3,21,5,19,8,16,9,15,10,14
1,23,6,18,8,16,9,15,10,14
3,21,6,18,8,16,9,15,10,14
1,23,3,21,6,18,8,16,9,15,10,14
3,21,5,19,6,18,8,16,9,15,10,14
2,22,7,17,8,16,9,15,10,14
3,21,7,17,8,16,9,15,10,14
2,22,3,21,7,17,8,16,9,15,10,14
4,20,7,17,8,16,9,15,10,14
2,22,4,20,7,17,8,16,9,15,10,14
3,21,5,19,7,17,8,16,9,15,10,14
3,21,6,18,7,17,8,16,9,15,10,14
3,21,5,19,6,18,7,17,8,16,9,15,10,14
1,23,2,22,4,20,6,18,11,13
1,23,4,20,5,19,6,18,11,13
1,23,2,22,4,20,5,19,6,18,11,13
1,23,3,21,4,20,5,19,6,18,11,13
2,22,3,21,4,20,5,19,7,17,11,13
4,20,6,18,7,17,11,13
1,23,4,20,6,18,7,17,11,13
2,22,4,20,6,18,7,17,11,13
1,23,2,22,4,20,6,18,7,17,11,13
3,21,4,20,6,18,7,17,11,13
1,23,3,21,4,20,6,18,7,17,11,13
2,22,3,21,4,20,6,18,7,17,11,13
4,20,5,19,6,18,7,17,11,13
1,23,4,20,5,19,6,18,7,17,11,13
3,21,4,20,5,19,6,18,7,17,11,13
1,23,3,21,4,20,5,19,6,18,7,17,11,13
2,22,3,21,4,20,8,16,11,13
4,20,5,19,6,18,8,16,11,13
1,23,4,20,5,19,6,18,8,16,11,13
3,21,4,20,7,17,8,16,11,13
2,22,3,21,4,20,7,17,8,16,11,13
4,20,6,18,7,17,8,16,11,13
1,23,4,20,6,18,7,17,8,16,11,13
3,21,4,20,6,18,7,17,8,16,11,13
1,23,5,19,6,18,7,17,8,16,11,13
4,20,5,19,6,18,7,17,8,16,11,13
1,23,4,20,5,19,6,18,7,17,8,16,11,13
4,20,5,19,6,18,9,15,11,13
1,23,4,20,5,19,6,18,9,15,11,13
3,21,4,20,5,19,6,18,9,15,11,13
1,23,3,21,4,20,5,19,6,18,9,15,11,13
4,20,6,18,7,17,9,15,11,13
1,23,4,20,6,18,7,17,9,15,11,13
3,21,4,20,6,18,7,17,9,15,11,13
1,23,3,21,4,20,6,18,7,17,9,15,11,13
4,20,5,19,6,18,7,17,9,15,11,13
1,23,4,20,5,19,6,18,7,17,9,15,11,13
3,21,4,20,5,19,6,18,7,17,9,15,11,13
1,23,3,21,4,20,5,19,6,18,7,17,9,15,11,13
2,22,3,21,8,16,9,15,11,13
1,23,2,22,3,21,8,16,9,15,11,13
4,20,5,19,8,16,9,15,11,13
2,22,3,21,6,18,8,16,9,15,11,13
1,23,2,22,3,21,6,18,8,16,9,15,11,13
2,22,7,17,8,16,9,15,11,13
2,22,3,21,7,17,8,16,9,15,11,13
4,20,7,17,8,16,9,15,11,13
2,22,5,19,7,17,8,16,9,15,11,13
3,21,6,18,7,17,8,16,9,15,11,13
4,20,6,18,7,17,8,16,9,15,11,13
1,23,3,21,4,20,10,14,11,13
1,23,3,21,4,20,5,19,10,14,11,13
1,23,4,20,6,18,10,14,11,13
1,23,2,22,4,20,6,18,10,14,11,13
1,23,3,21,4,20,6,18,10,14,11,13
4,20,6,18,7,17,10,14,11,13
4,20,5,19,6,18,7,17,10,14,11,13
1,23,3,21,8,16,10,14,11,13
2,22,3,21,8,16,10,14,11,13
1,23,3,21,4,20,8,16,10,14,11,13
2,22,3,21,4,20,8,16,10,14,11,13
3,21,6,18,8,16,10,14,11,13
1,23,3,21,6,18,8,16,10,14,11,13
3,21,7,17,8,16,10,14,11,13
1,23,3,21,7,17,8,16,10,14,11,13
2,22,3,21,7,17,8,16,10,14,11,13
1,23,4,20,9,15,10,14,11,13
4,20,6,18,9,15,10,14,11,13
1,23,4,20,6,18,9,15,10,14,11,13
3,21,4,20,6,18,9,15,10,14,11,13
1,23,4,20,7,17,9,15,10,14,11,13
4,20,6,18,7,17,9,15,10,14,11,13
1,23,8,16,9,15,10,14,11,13
2,22,8,16,9,15,10,14,11,13
1,23,3,21,8,16,9,15,10,14,11,13
2,22,3,21,8,16,9,15,10,14,11,13
1,23,4,20,8,16,9,15,10,14,11,13
1,23,5,19,8,16,9,15,10,14,11,13
2,22,5,19,8,16,9,15,10,14,11,13
1,23,6,18,8,16,9,15,10,14,11,13
3,21,6,18,8,16,9,15,10,14,11,13
1,23,3,21,6,18,8,16,9,15,10,14,11,13
2,22,7,17,8,16,9,15,10,14,11,13
3,21,7,17,8,16,9,15,10,14,11,13
2,22,3,21,7,17,8,16,9,15,10,14,11,13
4,20,7,17,8,16,9,15,10,14,11,13
