1,32,4,29,5,28,6,27,7,26,8,25,9,24
2,31,3,30,4,29,6,27,7,26,9,24,10,23
1,32,4,29,5,28,6,27,7,26,8,25,9,24,11,22
2,31,3,30,4,29,6,27,7,26,9,24,10,23,11,22
1,32,4,29,5,28,6,27,7,26,8,25,9,24,12,21
2,31,4,29,6,27,7,26,9,24,10,23,11,22,12,21
1,32,3,30,4,29,6,27,7,26,9,24,13,20
1,32,3,30,4,29,5,28,6,27,7,26,9,24,13,20
1,32,3,30,4,29,5,28,6,27,7,26,11,22,13,20
1,32,3,30,4,29,6,27,7,26,9,24,11,22,13,20
1,32,4,29,5,28,6,27,7,26,9,24,11,22,13,20
1,32,3,30,4,29,5,28,6,27,7,26,9,24,11,22,13,20
2,31,3,30,5,28,7,26,8,25,12,21,13,20
2,31,3,30,4,29,5,28,7,26,8,25,12,21,13,20
2,31,3,30,5,28,6,27,7,26,8,25,12,21,13,20
2,31,3,30,5,28,7,26,8,25,9,24,12,21,13,20
2,31,4,29,5,28,7,26,8,25,9,24,12,21,13,20
1,32,2,31,6,27,7,26,8,25,10,23,12,21,13,20
1,32,2,31,3,30,5,28,6,27,11,22,12,21,13,20
1,32,2,31,3,30,5,28,8,25,11,22,12,21,13,20
2,31,3,30,5,28,7,26,8,25,11,22,12,21,13,20
2,31,3,30,4,29,5,28,7,26,8,25,11,22,12,21,13,20
1,32,4,29,6,27,7,26,9,24,11,22,12,21,13,20
1,32,4,29,5,28,6,27,7,26,8,25,9,24,14,19
1,32,4,29,5,28,6,27,7,26,8,25,9,24,11,22,14,19
2,31,6,27,7,26,8,25,10,23,11,22,12,21,14,19
1,32,2,31,4,29,6,27,10,23,12,21,13,20,14,19
1,32,4,29,6,27,8,25,11,22,12,21,13,20,14,19
1,32,4,29,5,28,6,27,7,26,8,25,9,24,15,18
1,32,2,31,6,27,7,26,8,25,10,23,15,18
1,32,2,31,3,30,6,27,7,26,8,25,10,23,15,18
1,32,5,28,6,27,8,25,9,24,10,23,15,18
1,32,5,28,6,27,7,26,8,25,9,24,10,23,15,18
1,32,3,30,5,28,6,27,8,25,10,23,11,22,15,18
1,32,2,31,6,27,7,26,8,25,10,23,11,22,15,18
1,32,5,28,6,27,7,26,8,25,10,23,11,22,15,18
1,32,5,28,6,27,8,25,9,24,10,23,11,22,15,18
1,32,5,28,7,26,8,25,9,24,10,23,11,22,15,18
1,32,5,28,6,27,7,26,8,25,9,24,10,23,11,22,15,18
1,32,2,31,6,27,7,26,8,25,10,23,12,21,15,18
1,32,2,31,6,27,7,26,8,25,10,23,13,20,15,18
1,32,2,31,3,30,5,28,8,25,11,22,13,20,15,18
1,32,2,31,6,27,7,26,8,25,10,23,11,22,13,20,15,18
1,32,2,31,3,30,5,28,12,21,13,20,15,18
1,32,2,31,3,30,5,28,8,25,12,21,13,20,15,18
1,32,2,31,3,30,5,28,11,22,12,21,13,20,15,18
1,32,2,31,3,30,5,28,8,25,11,22,12,21,13,20,15,18
1,32,4,29,5,28,7,26,8,25,9,24,14,19,15,18
2,31,6,27,7,26,8,25,12,21,14,19,15,18
2,31,6,27,7,26,8,25,10,23,12,21,14,19,15,18
2,31,6,27,7,26,8,25,11,22,12,21,14,19,15,18
2,31,7,26,8,25,9,24,11,22,12,21,14,19,15,18
2,31,7,26,8,25,10,23,11,22,12,21,14,19,15,18
2,31,6,27,7,26,8,25,10,23,11,22,12,21,14,19,15,18
1,32,4,29,6,27,10,23,13,20,14,19,15,18
1,32,2,31,4,29,6,27,10,23,13,20,14,19,15,18
1,32,3,30,4,29,6,27,10,23,13,20,14,19,15,18
1,32,4,29,6,27,10,23,11,22,13,20,14,19,15,18
1,32,2,31,4,29,6,27,10,23,11,22,13,20,14,19,15,18
1,32,5,28,8,25,12,21,13,20,14,19,15,18
1,32,3,30,5,28,8,25,12,21,13,20,14,19,15,18
4,29,6,27,8,25,12,21,13,20,14,19,15,18
1,32,4,29,6,27,8,25,12,21,13,20,14,19,15,18
1,32,5,28,8,25,9,24,12,21,13,20,14,19,15,18
1,32,4,29,6,27,10,23,12,21,13,20,14,19,15,18
1,32,4,29,8,25,11,22,12,21,13,20,14,19,15,18
1,32,5,28,8,25,11,22,12,21,13,20,14,19,15,18
4,29,6,27,8,25,11,22,12,21,13,20,14,19,15,18
1,32,4,29,6,27,8,25,11,22,12,21,13,20,14,19,15,18
4,29,8,25,9,24,11,22,12,21,13,20,14,19,15,18
1,32,2,31,3,30,5,28,6,27,7,26,10,23,16,17
2,31,3,30,5,28,7,26,9,24,10,23,16,17
1,32,2,31,3,30,5,28,7,26,9,24,10,23,16,17
2,31,3,30,4,29,6,27,7,26,9,24,10,23,16,17
2,31,3,30,5,28,6,27,7,26,9,24,10,23,16,17
2,31,3,30,5,28,7,26,8,25,9,24,11,22,16,17
2,31,3,30,4,29,6,27,7,26,10,23,11,22,16,17
2,31,3,30,5,28,7,26,9,24,10,23,11,22,16,17
1,32,2,31,3,30,5,28,7,26,9,24,10,23,11,22,16,17
2,31,4,29,6,27,7,26,9,24,10,23,11,22,16,17
2,31,3,30,4,29,6,27,7,26,9,24,10,23,11,22,16,17
3,30,5,28,7,26,8,25,9,24,12,21,16,17
2,31,3,30,5,28,7,26,8,25,9,24,12,21,16,17
2,31,5,28,7,26,8,25,9,24,11,22,12,21,16,17
3,30,5,28,7,26,8,25,9,24,11,22,12,21,16,17
2,31,3,30,5,28,7,26,8,25,9,24,11,22,12,21,16,17
1,32,3,30,4,29,5,28,9,24,13,20,16,17
1,32,3,30,4,29,5,28,6,27,9,24,13,20,16,17
1,32,3,30,4,29,5,28,6,27,10,23,13,20,16,17
1,32,3,30,4,29,5,28,9,24,10,23,13,20,16,17
1,32,3,30,4,29,5,28,9,24,11,22,13,20,16,17
1,32,3,30,4,29,5,28,9,24,10,23,11,22,13,20,16,17
2,31,3,30,6,27,10,23,11,22,12,21,13,20,16,17
4,29,6,27,7,26,9,24,10,23,14,19,16,17
4,29,6,27,7,26,8,25,9,24,10,23,14,19,16,17
4,29,6,27,7,26,9,24,10,23,11,22,14,19,16,17
4,29,6,27,7,26,8,25,9,24,10,23,11,22,14,19,16,17
3,30,4,29,5,28,9,24,12,21,14,19,16,17
4,29,6,27,7,26,9,24,10,23,12,21,14,19,16,17
3,30,4,29,5,28,9,24,11,22,12,21,14,19,16,17
3,30,4,29,5,28,9,24,11,22,13,20,14,19,16,17
2,31,3,30,4,29,12,21,13,20,14,19,16,17
2,31,3,30,4,29,6,27,12,21,13,20,14,19,16,17
2,31,3,30,4,29,7,26,12,21,13,20,14,19,16,17
2,31,3,30,4,29,9,24,12,21,13,20,14,19,16,17
3,30,4,29,5,28,9,24,12,21,13,20,14,19,16,17
2,31,4,29,7,26,9,24,12,21,13,20,14,19,16,17
2,31,3,30,4,29,11,22,12,21,13,20,14,19,16,17
2,31,3,30,4,29,7,26,11,22,12,21,13,20,14,19,16,17
4,29,5,28,9,24,11,22,12,21,13,20,14,19,16,17
3,30,4,29,5,28,9,24,11,22,12,21,13,20,14,19,16,17
2,31,3,30,10,23,11,22,12,21,13,20,14,19,16,17
2,31,3,30,5,28,7,26,9,24,10,23,15,18,16,17
3,30,5,28,7,26,8,25,9,24,11,22,15,18,16,17
1,32,3,30,4,29,5,28,9,24,13,20,15,18,16,17
2,31,3,30,10,23,12,21,13,20,15,18,16,17
2,31,3,30,10,23,11,22,12,21,13,20,15,18,16,17
2,31,3,30,5,28,8,25,10,23,14,19,15,18,16,17
1,32,6,27,9,24,10,23,14,19,15,18,16,17
1,32,4,29,6,27,9,24,10,23,14,19,15,18,16,17
4,29,6,27,7,26,9,24,10,23,14,19,15,18,16,17
4,29,7,26,8,25,9,24,10,23,14,19,15,18,16,17
3,30,4,29,5,28,9,24,11,22,14,19,15,18,16,17
1,32,3,30,6,27,10,23,11,22,14,19,15,18,16,17
1,32,4,29,6,27,10,23,11,22,14,19,15,18,16,17
1,32,4,29,9,24,10,23,11,22,14,19,15,18,16,17
1,32,6,27,9,24,10,23,11,22,14,19,15,18,16,17
1,32,4,29,6,27,9,24,10,23,11,22,14,19,15,18,16,17
2,31,8,25,10,23,12,21,14,19,15,18,16,17
2,31,3,30,8,25,10,23,12,21,14,19,15,18,16,17
2,31,5,28,8,25,10,23,12,21,14,19,15,18,16,17
2,31,8,25,9,24,10,23,12,21,14,19,15,18,16,17
2,31,8,25,10,23,11,22,12,21,14,19,15,18,16,17
2,31,5,28,8,25,10,23,11,22,12,21,14,19,15,18,16,17
1,32,3,30,5,28,8,25,13,20,14,19,15,18,16,17
2,31,3,30,10,23,11,22,13,20,14,19,15,18,16,17
1,32,5,28,8,25,12,21,13,20,14,19,15,18,16,17
2,31,3,30,10,23,12,21,13,20,14,19,15,18,16,17
1,32,5,28,8,25,11,22,12,21,13,20,14,19,15,18,16,17
2,31,3,30,10,23,11,22,12,21,13,20,14,19,15,18,16,17
