2,26,3,25,5,23,6,22,8,20
2,26,3,25,4,24,5,23,7,21,8,20
2,26,3,25,5,23,6,22,7,21,8,20
1,27,4,24,5,23,6,22,7,21,8,20
2,26,4,24,5,23,6,22,7,21,9,19
2,26,3,25,5,23,6,22,8,20,9,19
1,27,4,24,5,23,6,22,8,20,9,19
1,27,2,26,4,24,5,23,7,21,8,20,9,19
2,26,3,25,5,23,6,22,7,21,8,20,9,19
1,27,4,24,5,23,6,22,7,21,8,20,9,19
1,27,4,24,5,23,6,22,10,18
1,27,3,25,4,24,5,23,6,22,10,18
2,26,3,25,4,24,6,22,7,21,10,18
1,27,4,24,5,23,6,22,7,21,10,18
1,27,2,26,3,25,5,23,8,20,10,18
1,27,4,24,5,23,6,22,8,20,10,18
1,27,3,25,4,24,5,23,6,22,8,20,10,18
1,27,2,26,6,22,7,21,8,20,10,18
1,27,2,26,3,25,6,22,7,21,8,20,10,18
1,27,4,24,5,23,6,22,7,21,8,20,10,18
2,26,3,25,4,24,6,22,7,21,9,19,10,18
2,26,4,24,5,23,6,22,7,21,9,19,10,18
2,26,4,24,5,23,7,21,8,20,9,19,10,18
1,27,2,26,4,24,5,23,6,22,11,17
2,26,3,25,4,24,5,23,7,21,8,20,11,17
1,27,4,24,5,23,6,22,7,21,8,20,11,17
1,27,2,26,4,24,5,23,6,22,9,19,11,17
2,26,6,22,8,20,9,19,11,17
1,27,2,26,6,22,8,20,9,19,11,17
2,26,5,23,6,22,8,20,9,19,11,17
1,27,2,26,5,23,6,22,8,20,9,19,11,17
1,27,4,24,5,23,6,22,8,20,9,19,11,17
2,26,4,24,7,21,8,20,9,19,11,17
1,27,2,26,4,24,7,21,8,20,9,19,11,17
2,26,3,25,4,24,7,21,8,20,9,19,11,17
2,26,6,22,7,21,8,20,9,19,11,17
2,26,5,23,6,22,7,21,8,20,9,19,11,17
1,27,4,24,5,23,6,22,7,21,8,20,9,19,11,17
2,26,4,24,6,22,7,21,10,18,11,17
2,26,3,25,4,24,6,22,7,21,10,18,11,17
2,26,4,24,5,23,6,22,7,21,10,18,11,17
1,27,2,26,3,25,5,23,8,20,10,18,11,17
1,27,3,25,5,23,6,22,8,20,10,18,11,17
2,26,3,25,7,21,8,20,10,18,11,17
2,26,3,25,4,24,7,21,8,20,10,18,11,17
2,26,3,25,6,22,7,21,8,20,10,18,11,17
1,27,2,26,4,24,5,23,9,19,10,18,11,17
1,27,4,24,5,23,6,22,7,21,12,16
1,27,3,25,4,24,5,23,6,22,7,21,12,16
2,26,3,25,5,23,6,22,8,20,12,16
2,26,3,25,5,23,7,21,8,20,12,16
1,27,2,26,3,25,5,23,7,21,8,20,12,16
2,26,3,25,5,23,6,22,7,21,8,20,12,16
1,27,4,24,5,23,6,22,7,21,9,19,12,16
2,26,4,24,5,23,6,22,7,21,9,19,12,16
2,26,3,25,5,23,7,21,8,20,9,19,12,16
2,26,5,23,6,22,7,21,10,18,12,16
2,26,6,22,7,21,9,19,10,18,12,16
1,27,2,26,6,22,7,21,9,19,10,18,12,16
2,26,5,23,6,22,7,21,9,19,10,18,12,16
2,26,3,25,5,23,8,20,11,17,12,16
1,27,2,26,3,25,5,23,8,20,11,17,12,16
2,26,3,25,5,23,7,21,8,20,11,17,12,16
1,27,2,26,3,25,5,23,7,21,8,20,11,17,12,16
2,26,3,25,8,20,9,19,11,17,12,16
2,26,6,22,8,20,9,19,11,17,12,16
1,27,2,26,6,22,8,20,9,19,11,17,12,16
2,26,7,21,8,20,9,19,11,17,12,16
2,26,3,25,7,21,8,20,9,19,11,17,12,16
2,26,5,23,7,21,8,20,9,19,11,17,12,16
2,26,6,22,7,21,8,20,9,19,11,17,12,16
1,27,2,26,10,18,11,17,12,16
1,27,2,26,3,25,10,18,11,17,12,16
1,27,2,26,4,24,10,18,11,17,12,16
1,27,2,26,5,23,10,18,11,17,12,16
1,27,2,26,3,25,5,23,10,18,11,17,12,16
1,27,2,26,4,24,5,23,10,18,11,17,12,16
1,27,2,26,7,21,10,18,11,17,12,16
1,27,2,26,3,25,7,21,10,18,11,17,12,16
1,27,4,24,7,21,10,18,11,17,12,16
1,27,2,26,4,24,7,21,10,18,11,17,12,16
1,27,3,25,4,24,7,21,10,18,11,17,12,16
1,27,7,21,8,20,10,18,11,17,12,16
1,27,5,23,7,21,8,20,10,18,11,17,12,16
3,25,5,23,7,21,8,20,10,18,11,17,12,16
3,25,6,22,7,21,8,20,10,18,11,17,12,16
1,27,6,22,9,19,10,18,11,17,12,16
1,27,4,24,7,21,9,19,10,18,11,17,12,16
3,25,7,21,8,20,9,19,10,18,11,17,12,16
2,26,3,25,5,23,6,22,8,20,13,15
2,26,3,25,4,24,5,23,7,21,8,20,13,15
1,27,4,24,5,23,6,22,7,21,8,20,13,15
2,26,3,25,4,24,6,22,9,19,13,15
2,26,3,25,4,24,5,23,6,22,9,19,13,15
2,26,3,25,5,23,6,22,8,20,9,19,13,15
4,24,5,23,6,22,8,20,9,19,13,15
3,25,4,24,5,23,6,22,8,20,9,19,13,15
2,26,4,24,5,23,7,21,8,20,9,19,13,15
4,24,6,22,7,21,8,20,9,19,13,15
1,27,4,24,6,22,7,21,8,20,9,19,13,15
3,25,4,24,6,22,7,21,8,20,9,19,13,15
4,24,5,23,6,22,7,21,8,20,9,19,13,15
3,25,4,24,5,23,6,22,7,21,8,20,9,19,13,15
1,27,4,24,5,23,6,22,10,18,13,15
1,27,3,25,4,24,5,23,6,22,10,18,13,15
1,27,4,24,5,23,6,22,7,21,10,18,13,15
2,26,6,22,7,21,8,20,10,18,13,15
1,27,2,26,6,22,7,21,8,20,10,18,13,15
2,26,3,25,4,24,5,23,9,19,10,18,13,15
4,24,6,22,9,19,10,18,13,15
1,27,4,24,6,22,9,19,10,18,13,15
4,24,6,22,7,21,9,19,10,18,13,15
1,27,4,24,6,22,7,21,9,19,10,18,13,15
4,24,6,22,8,20,9,19,10,18,13,15
4,24,6,22,7,21,8,20,9,19,10,18,13,15
2,26,6,22,7,21,8,20,10,18,11,17,13,15
4,24,6,22,9,19,10,18,11,17,13,15
1,27,4,24,6,22,9,19,10,18,11,17,13,15
2,26,8,20,9,19,10,18,11,17,13,15
2,26,3,25,8,20,9,19,10,18,11,17,13,15
3,25,6,22,8,20,9,19,10,18,11,17,13,15
4,24,6,22,8,20,9,19,10,18,11,17,13,15
1,27,2,26,3,25,5,23,6,22,12,16,13,15
1,27,2,26,4,24,6,22,7,21,12,16,13,15
1,27,3,25,4,24,6,22,7,21,12,16,13,15
2,26,3,25,5,23,6,22,8,20,12,16,13,15
4,24,6,22,7,21,9,19,12,16,13,15
4,24,5,23,6,22,7,21,9,19,12,16,13,15
2,26,3,25,10,18,12,16,13,15
1,27,3,25,4,24,10,18,12,16,13,15
2,26,3,25,4,24,10,18,12,16,13,15
1,27,3,25,4,24,5,23,10,18,12,16,13,15
3,25,5,23,6,22,10,18,12,16,13,15
1,27,3,25,5,23,6,22,10,18,12,16,13,15
2,26,3,25,7,21,10,18,12,16,13,15
3,25,4,24,7,21,10,18,12,16,13,15
1,27,3,25,4,24,7,21,10,18,12,16,13,15
2,26,3,25,4,24,7,21,10,18,12,16,13,15
3,25,4,24,5,23,7,21,10,18,12,16,13,15
1,27,3,25,4,24,5,23,7,21,10,18,12,16,13,15
1,27,6,22,7,21,10,18,12,16,13,15
1,27,2,26,6,22,7,21,10,18,12,16,13,15
2,26,5,23,6,22,7,21,10,18,12,16,13,15
3,25,7,21,8,20,10,18,12,16,13,15
1,27,3,25,7,21,8,20,10,18,12,16,13,15
1,27,6,22,7,21,8,20,10,18,12,16,13,15
2,26,3,25,9,19,10,18,12,16,13,15
2,26,3,25,4,24,9,19,10,18,12,16,13,15
3,25,7,21,8,20,9,19,10,18,12,16,13,15
1,27,4,24,6,22,7,21,11,17,12,16,13,15
1,27,2,26,6,22,9,19,11,17,12,16,13,15
4,24,6,22,7,21,9,19,11,17,12,16,13,15
2,26,3,25,8,20,9,19,11,17,12,16,13,15
2,26,7,21,8,20,9,19,11,17,12,16,13,15
2,26,3,25,7,21,8,20,9,19,11,17,12,16,13,15
2,26,3,25,10,18,11,17,12,16,13,15
1,27,4,24,10,18,11,17,12,16,13,15
2,26,3,25,7,21,10,18,11,17,12,16,13,15
1,27,4,24,7,21,10,18,11,17,12,16,13,15
3,25,4,24,7,21,10,18,11,17,12,16,13,15
1,27,7,21,8,20,10,18,11,17,12,16,13,15
2,26,3,25,9,19,10,18,11,17,12,16,13,15
1,27,4,24,9,19,10,18,11,17,12,16,13,15
1,27,6,22,9,19,10,18,11,17,12,16,13,15
1,27,4,24,7,21,9,19,10,18,11,17,12,16,13,15
