1,33,4,30,5,29,6,28,7,27,8,26,12,22
1,33,4,30,5,29,6,28,7,27,8,26,9,25,12,22
1,33,4,30,5,29,6,28,7,27,10,24,12,22
1,33,4,30,5,29,6,28,7,27,8,26,10,24,12,22
2,32,4,30,5,29,6,28,7,27,9,25,10,24,12,22
1,33,3,31,4,30,7,27,8,26,9,25,10,24,12,22
1,33,2,32,6,28,7,27,8,26,10,24,11,23,13,21
2,32,4,30,8,26,9,25,10,24,11,23,13,21
2,32,4,30,5,29,8,26,9,25,10,24,11,23,13,21
2,32,4,30,5,29,6,28,7,27,9,25,12,22,13,21
2,32,3,31,4,30,7,27,9,25,10,24,12,22,13,21
2,32,4,30,5,29,6,28,7,27,9,25,10,24,12,22,13,21
2,32,3,31,4,30,8,26,9,25,10,24,12,22,13,21
2,32,3,31,4,30,7,27,8,26,9,25,10,24,12,22,13,21
1,33,2,32,3,31,5,29,6,28,11,23,12,22,13,21
1,33,4,30,5,29,6,28,8,26,9,25,14,20
1,33,4,30,5,29,6,28,7,27,8,26,9,25,14,20
2,32,4,30,5,29,6,28,9,25,11,23,14,20
1,33,2,32,4,30,5,29,6,28,9,25,11,23,14,20
1,33,4,30,5,29,6,28,8,26,9,25,11,23,14,20
1,33,4,30,5,29,6,28,7,27,8,26,9,25,11,23,14,20
1,33,3,31,4,30,8,26,9,25,10,24,11,23,14,20
1,33,3,31,4,30,7,27,8,26,10,24,12,22,14,20
1,33,3,31,4,30,7,27,8,26,9,25,10,24,12,22,14,20
2,32,5,29,6,28,9,25,11,23,12,22,14,20
1,33,2,32,5,29,6,28,9,25,11,23,12,22,14,20
2,32,4,30,5,29,6,28,9,25,11,23,12,22,14,20
1,33,2,32,4,30,5,29,6,28,9,25,11,23,12,22,14,20
1,33,3,31,5,29,7,27,8,26,10,24,13,21,14,20
1,33,3,31,5,29,7,27,8,26,9,25,10,24,13,21,14,20
2,32,4,30,5,29,6,28,9,25,11,23,13,21,14,20
1,33,2,32,4,30,5,29,6,28,9,25,11,23,13,21,14,20
2,32,4,30,9,25,10,24,11,23,13,21,14,20
2,32,3,31,4,30,9,25,10,24,11,23,13,21,14,20
2,32,4,30,5,29,9,25,10,24,11,23,13,21,14,20
2,32,3,31,4,30,5,29,9,25,10,24,11,23,13,21,14,20
2,32,4,30,8,26,9,25,10,24,11,23,13,21,14,20
2,32,4,30,5,29,8,26,9,25,10,24,11,23,13,21,14,20
1,33,4,30,5,29,6,28,7,27,8,26,12,22,15,19
1,33,4,30,5,29,6,28,7,27,8,26,9,25,12,22,15,19
1,33,4,30,5,29,6,28,7,27,10,24,12,22,15,19
1,33,4,30,5,29,6,28,7,27,8,26,10,24,12,22,15,19
4,30,5,29,7,27,9,25,10,24,11,23,12,22,15,19
3,31,4,30,5,29,8,26,9,25,10,24,13,21,15,19
3,31,4,30,5,29,7,27,8,26,9,25,10,24,13,21,15,19
1,33,2,32,3,31,5,29,6,28,11,23,12,22,13,21,15,19
1,33,2,32,4,30,7,27,11,23,12,22,13,21,15,19
1,33,2,32,4,30,5,29,7,27,11,23,12,22,13,21,15,19
4,30,5,29,7,27,9,25,10,24,11,23,12,22,13,21,15,19
3,31,7,27,8,26,10,24,12,22,14,20,15,19
2,32,7,27,8,26,9,25,11,23,12,22,14,20,15,19
3,31,7,27,8,26,10,24,12,22,13,21,14,20,15,19
1,33,6,28,9,25,10,24,12,22,13,21,14,20,15,19
2,32,3,31,4,30,5,29,7,27,8,26,11,23,16,18
1,33,3,31,4,30,5,29,6,28,10,24,13,21,16,18
1,33,4,30,5,29,8,26,9,25,14,20,16,18
1,33,4,30,5,29,6,28,8,26,9,25,14,20,16,18
1,33,4,30,5,29,7,27,8,26,9,25,14,20,16,18
1,33,4,30,5,29,6,28,7,27,8,26,9,25,14,20,16,18
1,33,4,30,8,26,9,25,10,24,11,23,14,20,16,18
1,33,3,31,4,30,8,26,9,25,10,24,11,23,14,20,16,18
1,33,7,27,8,26,9,25,11,23,13,21,14,20,16,18
1,33,3,31,7,27,8,26,9,25,11,23,13,21,14,20,16,18
2,32,3,31,10,24,11,23,13,21,14,20,16,18
3,31,6,28,10,24,11,23,13,21,14,20,16,18
2,32,3,31,6,28,10,24,11,23,13,21,14,20,16,18
2,32,3,31,9,25,10,24,11,23,13,21,14,20,16,18
3,31,6,28,9,25,10,24,11,23,13,21,14,20,16,18
2,32,3,31,6,28,9,25,10,24,11,23,13,21,14,20,16,18
2,32,5,29,6,28,11,23,12,22,13,21,14,20,16,18
1,33,2,32,6,28,7,27,8,26,15,19,16,18
1,33,2,32,3,31,6,28,7,27,8,26,15,19,16,18
1,33,2,32,3,31,5,29,6,28,9,25,15,19,16,18
1,33,2,32,3,31,5,29,6,28,9,25,11,23,15,19,16,18
1,33,6,28,7,27,8,26,12,22,15,19,16,18
1,33,2,32,6,28,7,27,8,26,12,22,15,19,16,18
1,33,3,31,6,28,7,27,8,26,12,22,15,19,16,18
1,33,2,32,3,31,6,28,7,27,8,26,12,22,15,19,16,18
1,33,5,29,6,28,7,27,8,26,12,22,15,19,16,18
1,33,3,31,5,29,6,28,7,27,8,26,12,22,15,19,16,18
3,31,7,27,8,26,10,24,12,22,15,19,16,18
1,33,3,31,7,27,8,26,10,24,12,22,15,19,16,18
2,32,3,31,4,30,12,22,13,21,15,19,16,18
2,32,4,30,6,28,7,27,12,22,13,21,15,19,16,18
2,32,5,29,6,28,7,27,12,22,13,21,15,19,16,18
2,32,4,30,5,29,6,28,7,27,12,22,13,21,15,19,16,18
2,32,3,31,10,24,12,22,13,21,15,19,16,18
2,32,3,31,4,30,10,24,12,22,13,21,15,19,16,18
2,32,3,31,7,27,10,24,12,22,13,21,15,19,16,18
3,31,7,27,8,26,10,24,12,22,13,21,15,19,16,18
1,33,3,31,7,27,8,26,10,24,12,22,13,21,15,19,16,18
2,32,3,31,4,30,11,23,12,22,13,21,15,19,16,18
2,32,3,31,10,24,11,23,12,22,13,21,15,19,16,18
2,32,3,31,4,30,10,24,11,23,12,22,13,21,15,19,16,18
2,32,3,31,7,27,10,24,11,23,12,22,13,21,15,19,16,18
1,33,2,32,5,29,6,28,8,26,14,20,15,19,16,18
1,33,5,29,6,28,8,26,11,23,14,20,15,19,16,18
1,33,2,32,5,29,6,28,8,26,11,23,14,20,15,19,16,18
3,31,6,28,7,27,9,25,11,23,14,20,15,19,16,18
1,33,3,31,6,28,7,27,9,25,11,23,14,20,15,19,16,18
1,33,3,31,8,26,10,24,11,23,14,20,15,19,16,18
3,31,6,28,8,26,10,24,11,23,14,20,15,19,16,18
1,33,3,31,6,28,8,26,10,24,11,23,14,20,15,19,16,18
3,31,4,30,5,29,9,25,12,22,14,20,15,19,16,18
3,31,7,27,8,26,10,24,12,22,14,20,15,19,16,18
2,32,5,29,6,28,11,23,13,21,14,20,15,19,16,18
2,32,3,31,10,24,11,23,13,21,14,20,15,19,16,18
2,32,3,31,9,25,10,24,11,23,13,21,14,20,15,19,16,18
3,31,7,27,8,26,10,24,12,22,13,21,14,20,15,19,16,18
2,32,5,29,6,28,11,23,12,22,13,21,14,20,15,19,16,18
