1,19,3,17,4,16,5,15
2,18,4,16,6,14
1,19,2,18,4,16,6,14
1,19,3,17,4,16,6,14
2,18,3,17,4,16,6,14
1,19,4,16,5,15,6,14
2,18,4,16,5,15,6,14
1,19,2,18,4,16,5,15,6,14
1,19,3,17,4,16,5,15,6,14
2,18,3,17,4,16,5,15,6,14
1,19,3,17,4,16,7,13
1,19,3,17,4,16,5,15,7,13
2,18,3,17,4,16,5,15,7,13
1,19,4,16,6,14,7,13
2,18,4,16,6,14,7,13
1,19,2,18,4,16,6,14,7,13
1,19,3,17,4,16,6,14,7,13
2,18,3,17,4,16,6,14,7,13
1,19,4,16,5,15,6,14,7,13
2,18,4,16,5,15,6,14,7,13
1,19,3,17,4,16,5,15,6,14,7,13
2,18,3,17,4,16,5,15,6,14,7,13
1,19,2,18,3,17,8,12
2,18,3,17,5,15,8,12
1,19,2,18,3,17,5,15,8,12
2,18,6,14,8,12
1,19,2,18,6,14,8,12
2,18,3,17,6,14,8,12
1,19,2,18,3,17,6,14,8,12
2,18,5,15,6,14,8,12
1,19,2,18,5,15,6,14,8,12
2,18,3,17,5,15,6,14,8,12
1,19,2,18,7,13,8,12
1,19,2,18,3,17,7,13,8,12
1,19,5,15,7,13,8,12
2,18,5,15,7,13,8,12
1,19,2,18,5,15,7,13,8,12
3,17,5,15,7,13,8,12
1,19,3,17,5,15,7,13,8,12
2,18,3,17,5,15,7,13,8,12
1,19,2,18,3,17,5,15,7,13,8,12
2,18,6,14,7,13,8,12
3,17,6,14,7,13,8,12
2,18,3,17,6,14,7,13,8,12
2,18,5,15,6,14,7,13,8,12
3,17,5,15,6,14,7,13,8,12
2,18,3,17,5,15,6,14,7,13,8,12
1,19,2,18,4,16,9,11
1,19,4,16,5,15,9,11
1,19,2,18,4,16,5,15,9,11
1,19,3,17,4,16,5,15,9,11
2,18,4,16,6,14,9,11
1,19,2,18,4,16,6,14,9,11
3,17,4,16,6,14,9,11
1,19,3,17,4,16,6,14,9,11
2,18,3,17,4,16,6,14,9,11
4,16,5,15,6,14,9,11
1,19,4,16,5,15,6,14,9,11
2,18,4,16,5,15,6,14,9,11
1,19,2,18,4,16,5,15,6,14,9,11
3,17,4,16,5,15,6,14,9,11
1,19,3,17,4,16,5,15,6,14,9,11
3,17,4,16,7,13,9,11
1,19,3,17,4,16,7,13,9,11
4,16,5,15,7,13,9,11
1,19,4,16,5,15,7,13,9,11
3,17,4,16,5,15,7,13,9,11
1,19,3,17,4,16,5,15,7,13,9,11
4,16,6,14,7,13,9,11
1,19,4,16,6,14,7,13,9,11
3,17,4,16,6,14,7,13,9,11
1,19,3,17,4,16,6,14,7,13,9,11
4,16,5,15,6,14,7,13,9,11
1,19,4,16,5,15,6,14,7,13,9,11
3,17,4,16,5,15,6,14,7,13,9,11
1,19,3,17,4,16,5,15,6,14,7,13,9,11
1,19,3,17,8,12,9,11
2,18,3,17,8,12,9,11
1,19,2,18,3,17,8,12,9,11
3,17,5,15,8,12,9,11
1,19,3,17,5,15,8,12,9,11
2,18,3,17,5,15,8,12,9,11
1,19,2,18,3,17,5,15,8,12,9,11
2,18,6,14,8,12,9,11
1,19,2,18,6,14,8,12,9,11
1,19,5,15,6,14,8,12,9,11
2,18,5,15,6,14,8,12,9,11
1,19,2,18,5,15,6,14,8,12,9,11
1,19,7,13,8,12,9,11
2,18,7,13,8,12,9,11
1,19,2,18,7,13,8,12,9,11
1,19,3,17,7,13,8,12,9,11
2,18,3,17,7,13,8,12,9,11
1,19,2,18,3,17,7,13,8,12,9,11
1,19,5,15,7,13,8,12,9,11
2,18,5,15,7,13,8,12,9,11
1,19,2,18,5,15,7,13,8,12,9,11
3,17,5,15,7,13,8,12,9,11
1,19,3,17,5,15,7,13,8,12,9,11
2,18,3,17,5,15,7,13,8,12,9,11
1,19,2,18,3,17,5,15,7,13,8,12,9,11
2,18,6,14,7,13,8,12,9,11
