1,12,2,11
2,11,3,10
1,12,2,11,3,10
2,11,4,9
1,12,2,11,4,9
1,12,3,10,4,9
2,11,3,10,4,9
1,12,5,8
1,12,2,11,5,8
3,10,5,8
1,12,3,10,5,8
2,11,3,10,5,8
1,12,2,11,3,10,5,8
4,9,5,8
1,12,4,9,5,8
2,11,4,9,5,8
1,12,2,11,4,9,5,8
3,10,4,9,5,8
2,11,3,10,4,9,5,8
1,12,6,7
1,12,2,11,6,7
3,10,6,7
1,12,3,10,6,7
2,11,3,10,6,7
1,12,2,11,3,10,6,7
4,9,6,7
1,12,4,9,6,7
2,11,4,9,6,7
1,12,2,11,4,9,6,7
3,10,4,9,6,7
2,11,3,10,4,9,6,7
1,12,5,8,6,7
2,11,5,8,6,7
3,10,5,8,6,7
1,12,3,10,5,8,6,7
4,9,5,8,6,7
1,12,4,9,5,8,6,7
3,10,4,9,5,8,6,7
