1,36,4,33,5,32,6,31,7,30,8,29,11,26,13,24
2,35,4,33,5,32,6,31,9,28,10,27,11,26,12,25,14,23
2,35,3,34,4,33,5,32,8,29,9,28,11,26,13,24,14,23
2,35,3,34,4,33,5,32,9,28,10,27,11,26,13,24,14,23
2,35,3,34,4,33,6,31,9,28,10,27,11,26,13,24,14,23
2,35,4,33,5,32,6,31,9,28,10,27,11,26,13,24,14,23
1,36,4,33,5,32,6,31,7,30,8,29,10,27,12,25,15,22
2,35,4,33,5,32,6,31,7,30,9,28,10,27,12,25,15,22
1,36,3,34,4,33,7,30,8,29,9,28,10,27,12,25,15,22
1,36,3,34,4,33,5,32,9,28,10,27,11,26,12,25,15,22
2,35,4,33,5,32,6,31,9,28,10,27,12,25,13,24,15,22
2,35,4,33,5,32,6,31,9,28,10,27,12,25,14,23,15,22
2,35,4,33,5,32,9,28,10,27,11,26,12,25,14,23,15,22
2,35,3,34,5,32,6,31,8,29,9,28,13,24,14,23,15,22
2,35,3,34,4,33,6,31,7,30,9,28,10,27,11,26,16,21
1,36,3,34,4,33,7,30,9,28,10,27,11,26,12,25,16,21
1,36,2,35,3,34,7,30,9,28,10,27,11,26,13,24,16,21
1,36,3,34,7,30,8,29,9,28,10,27,12,25,13,24,16,21
1,36,2,35,3,34,5,32,6,31,7,30,11,26,14,23,16,21
1,36,2,35,3,34,5,32,6,31,11,26,12,25,14,23,16,21
1,36,3,34,4,33,5,32,9,28,11,26,12,25,14,23,16,21
1,36,2,35,3,34,5,32,6,31,7,30,13,24,14,23,16,21
1,36,2,35,3,34,5,32,7,30,10,27,13,24,14,23,16,21
1,36,2,35,5,32,6,31,7,30,11,26,13,24,14,23,16,21
1,36,2,35,3,34,5,32,7,30,12,25,13,24,14,23,16,21
1,36,2,35,3,34,5,32,6,31,9,28,11,26,15,22,16,21
2,35,3,34,5,32,6,31,7,30,9,28,11,26,15,22,16,21
1,36,2,35,3,34,5,32,6,31,9,28,14,23,15,22,16,21
1,36,2,35,3,34,5,32,6,31,11,26,14,23,15,22,16,21
2,35,8,29,10,27,11,26,12,25,14,23,15,22,16,21
1,36,4,33,6,31,8,29,10,27,11,26,13,24,14,23,15,22,16,21
1,36,2,35,6,31,8,29,9,28,11,26,12,25,17,20
2,35,4,33,5,32,6,31,9,28,10,27,11,26,14,23,17,20
1,36,5,32,6,31,7,30,8,29,9,28,10,27,11,26,14,23,17,20
2,35,3,34,4,33,5,32,9,28,11,26,13,24,14,23,17,20
1,36,2,35,3,34,5,32,7,30,12,25,13,24,14,23,17,20
1,36,2,35,7,30,8,29,10,27,12,25,13,24,14,23,17,20
1,36,4,33,7,30,8,29,10,27,12,25,13,24,14,23,17,20
1,36,7,30,8,29,9,28,10,27,12,25,13,24,14,23,17,20
1,36,2,35,3,34,5,32,8,29,13,24,14,23,15,22,17,20
1,36,2,35,3,34,8,29,9,28,11,26,13,24,16,21,17,20
1,36,3,34,4,33,7,30,11,26,12,25,14,23,16,21,17,20
2,35,3,34,4,33,9,28,11,26,13,24,14,23,16,21,17,20
3,34,4,33,5,32,9,28,11,26,13,24,14,23,16,21,17,20
1,36,3,34,8,29,9,28,11,26,13,24,14,23,16,21,17,20
2,35,3,34,8,29,9,28,11,26,13,24,14,23,16,21,17,20
1,36,2,35,4,33,7,30,12,25,13,24,14,23,16,21,17,20
1,36,2,35,5,32,7,30,12,25,13,24,14,23,16,21,17,20
1,36,2,35,7,30,10,27,12,25,13,24,14,23,16,21,17,20
2,35,7,30,8,29,10,27,12,25,13,24,14,23,16,21,17,20
2,35,5,32,7,30,8,29,9,28,11,26,12,25,15,22,16,21,17,20
4,33,5,32,7,30,9,28,13,24,15,22,16,21,17,20
1,36,2,35,4,33,6,31,9,28,12,25,13,24,15,22,16,21,17,20
1,36,6,31,9,28,10,27,14,23,15,22,16,21,17,20
1,36,3,34,8,29,11,26,13,24,14,23,15,22,16,21,17,20
2,35,4,33,5,32,6,31,7,30,9,28,10,27,12,25,18,19
2,35,3,34,4,33,5,32,7,30,8,29,11,26,12,25,13,24,18,19
3,34,5,32,7,30,8,29,10,27,11,26,14,23,18,19
1,36,2,35,3,34,6,31,8,29,10,27,11,26,12,25,14,23,18,19
1,36,3,34,4,33,6,31,10,27,13,24,14,23,18,19
1,36,3,34,4,33,5,32,6,31,9,28,11,26,15,22,18,19
3,34,4,33,5,32,6,31,8,29,9,28,11,26,15,22,18,19
3,34,4,33,6,31,8,29,9,28,10,27,11,26,15,22,18,19
3,34,5,32,6,31,8,29,9,28,10,27,11,26,15,22,18,19
1,36,4,33,5,32,6,31,7,30,10,27,12,25,15,22,18,19
2,35,4,33,5,32,6,31,7,30,10,27,12,25,15,22,18,19
1,36,2,35,6,31,7,30,8,29,10,27,12,25,15,22,18,19
1,36,5,32,6,31,7,30,8,29,10,27,12,25,15,22,18,19
2,35,5,32,6,31,8,29,9,28,10,27,13,24,15,22,18,19
4,33,5,32,6,31,7,30,10,27,12,25,14,23,15,22,18,19
4,33,6,31,7,30,9,28,10,27,11,26,12,25,16,21,18,19
2,35,3,34,4,33,5,32,6,31,11,26,15,22,16,21,18,19
2,35,3,34,5,32,6,31,9,28,11,26,15,22,16,21,18,19
3,34,4,33,5,32,6,31,9,28,11,26,15,22,16,21,18,19
4,33,6,31,8,29,9,28,10,27,11,26,15,22,16,21,18,19
1,36,6,31,7,30,8,29,10,27,12,25,15,22,16,21,18,19
2,35,3,34,4,33,12,25,13,24,15,22,16,21,18,19
1,36,3,34,7,30,8,29,12,25,13,24,15,22,16,21,18,19
3,34,4,33,5,32,7,30,10,27,13,24,14,23,15,22,16,21,18,19
2,35,3,34,5,32,7,30,9,28,12,25,17,20,18,19
1,36,3,34,4,33,5,32,6,31,7,30,9,28,13,24,17,20,18,19
4,33,7,30,8,29,9,28,10,27,12,25,13,24,17,20,18,19
4,33,7,30,8,29,10,27,11,26,12,25,13,24,17,20,18,19
1,36,4,33,8,29,10,27,12,25,13,24,14,23,17,20,18,19
4,33,7,30,8,29,10,27,12,25,13,24,14,23,17,20,18,19
4,33,6,31,8,29,9,28,10,27,11,26,15,22,17,20,18,19
3,34,4,33,8,29,9,28,10,27,12,25,15,22,17,20,18,19
4,33,6,31,8,29,9,28,11,26,12,25,15,22,17,20,18,19
4,33,8,29,9,28,10,27,11,26,12,25,15,22,17,20,18,19
2,35,6,31,7,30,8,29,10,27,13,24,15,22,17,20,18,19
4,33,7,30,8,29,9,28,10,27,13,24,15,22,17,20,18,19
4,33,8,29,9,28,10,27,12,25,13,24,15,22,17,20,18,19
2,35,4,33,5,32,6,31,11,26,14,23,15,22,17,20,18,19
4,33,5,32,6,31,8,29,12,25,14,23,15,22,17,20,18,19
2,35,5,32,6,31,8,29,13,24,14,23,15,22,17,20,18,19
1,36,5,32,8,29,12,25,13,24,14,23,15,22,17,20,18,19
1,36,4,33,7,30,10,27,11,26,12,25,16,21,17,20,18,19
1,36,3,34,6,31,7,30,8,29,13,24,16,21,17,20,18,19
1,36,3,34,7,30,8,29,11,26,13,24,16,21,17,20,18,19
1,36,3,34,7,30,8,29,11,26,14,23,16,21,17,20,18,19
2,35,6,31,7,30,8,29,13,24,14,23,16,21,17,20,18,19
2,35,5,32,6,31,11,26,13,24,14,23,16,21,17,20,18,19
1,36,3,34,8,29,11,26,13,24,14,23,16,21,17,20,18,19
2,35,3,34,9,28,11,26,13,24,14,23,16,21,17,20,18,19
1,36,3,34,7,30,8,29,12,25,15,22,16,21,17,20,18,19
1,36,5,32,7,30,8,29,12,25,15,22,16,21,17,20,18,19
1,36,6,31,7,30,8,29,12,25,15,22,16,21,17,20,18,19
1,36,6,31,7,30,10,27,12,25,15,22,16,21,17,20,18,19
1,36,3,34,7,30,8,29,13,24,15,22,16,21,17,20,18,19
2,35,3,34,9,28,10,27,12,25,14,23,15,22,16,21,17,20,18,19
