2,33,3,32,4,31,6,29,7,28,9,26,10,25,11,24
1,34,4,31,5,30,6,29,7,28,8,27,9,26,12,23
1,34,4,31,5,30,6,29,7,28,8,27,11,24,13,22
2,33,3,32,5,30,6,29,8,27,9,26,13,22,14,21
1,34,2,33,5,30,6,29,8,27,10,25,12,23,13,22,14,21
2,33,3,32,4,31,9,26,10,25,12,23,13,22,14,21
2,33,3,32,4,31,5,30,9,26,10,25,12,23,13,22,14,21
2,33,3,32,4,31,6,29,7,28,9,26,10,25,11,24,15,20
1,34,4,31,5,30,6,29,7,28,8,27,9,26,12,23,15,20
1,34,3,32,4,31,6,29,7,28,9,26,13,22,15,20
1,34,3,32,4,31,5,30,6,29,7,28,9,26,13,22,15,20
2,33,3,32,5,30,6,29,8,27,9,26,13,22,14,21,15,20
1,34,2,33,3,32,8,27,11,24,13,22,14,21,15,20
1,34,2,33,3,32,5,30,8,27,11,24,13,22,14,21,15,20
1,34,2,33,3,32,7,28,9,26,10,25,11,24,16,19
1,34,2,33,3,32,5,30,7,28,9,26,10,25,11,24,16,19
1,34,2,33,6,29,7,28,9,26,10,25,12,23,16,19
1,34,5,30,7,28,8,27,9,26,11,24,12,23,16,19
1,34,5,30,7,28,8,27,9,26,10,25,11,24,12,23,16,19
2,33,4,31,5,30,6,29,7,28,9,26,13,22,16,19
2,33,4,31,5,30,6,29,7,28,9,26,10,25,13,22,16,19
1,34,5,30,6,29,7,28,8,27,9,26,10,25,13,22,16,19
1,34,2,33,5,30,6,29,7,28,11,24,13,22,16,19
1,34,2,33,3,32,5,30,12,23,13,22,14,21,16,19
1,34,2,33,3,32,5,30,10,25,12,23,13,22,14,21,16,19
2,33,8,27,9,26,10,25,12,23,13,22,14,21,16,19
2,33,4,31,7,28,9,26,10,25,11,24,12,23,15,20,16,19
1,34,3,32,4,31,7,28,11,24,13,22,15,20,16,19
1,34,2,33,5,30,6,29,7,28,11,24,13,22,15,20,16,19
1,34,3,32,4,31,7,28,10,25,11,24,13,22,15,20,16,19
2,33,5,30,6,29,8,27,9,26,12,23,14,21,17,18
3,32,4,31,8,27,9,26,10,25,12,23,14,21,17,18
2,33,5,30,6,29,8,27,9,26,10,25,12,23,14,21,17,18
1,34,3,32,5,30,6,29,8,27,13,22,14,21,17,18
1,34,3,32,4,31,5,30,6,29,7,28,11,24,15,20,17,18
4,31,6,29,7,28,8,27,9,26,11,24,15,20,17,18
4,31,6,29,7,28,8,27,9,26,10,25,11,24,15,20,17,18
3,32,4,31,8,27,9,26,10,25,12,23,14,21,15,20,17,18
2,33,3,32,4,31,11,24,12,23,14,21,15,20,17,18
1,34,3,32,8,27,11,24,12,23,14,21,15,20,17,18
1,34,3,32,8,27,10,25,11,24,12,23,14,21,15,20,17,18
2,33,3,32,4,31,6,29,13,22,14,21,15,20,17,18
2,33,3,32,4,31,6,29,10,25,13,22,14,21,15,20,17,18
3,32,4,31,5,30,8,27,11,24,13,22,14,21,15,20,17,18
4,31,6,29,8,27,12,23,13,22,14,21,15,20,17,18
4,31,5,30,6,29,8,27,12,23,13,22,14,21,15,20,17,18
4,31,6,29,7,28,9,26,10,25,12,23,16,19,17,18
4,31,5,30,6,29,7,28,9,26,10,25,12,23,16,19,17,18
1,34,4,31,7,28,10,25,11,24,12,23,16,19,17,18
2,33,8,27,10,25,11,24,12,23,14,21,16,19,17,18
2,33,5,30,8,27,10,25,11,24,12,23,14,21,16,19,17,18
2,33,3,32,10,25,11,24,13,22,14,21,16,19,17,18
1,34,5,30,8,27,12,23,13,22,14,21,16,19,17,18
1,34,6,29,7,28,8,27,11,24,15,20,16,19,17,18
1,34,5,30,6,29,7,28,8,27,11,24,15,20,16,19,17,18
3,32,4,31,7,28,9,26,11,24,15,20,16,19,17,18
1,34,4,31,7,28,10,25,11,24,12,23,15,20,16,19,17,18
2,33,3,32,9,26,10,25,12,23,14,21,15,20,16,19,17,18
2,33,3,32,10,25,11,24,13,22,14,21,15,20,16,19,17,18
1,34,5,30,8,27,12,23,13,22,14,21,15,20,16,19,17,18
