1,24,2,23,4,21,5,20,6,19
2,23,3,22,4,21,5,20,7,18
1,24,4,21,5,20,6,19,7,18
2,23,4,21,5,20,6,19,7,18
1,24,3,22,4,21,5,20,6,19,7,18
2,23,3,22,4,21,5,20,6,19,7,18
1,24,2,23,3,22,5,20,8,17
2,23,3,22,5,20,6,19,8,17
2,23,3,22,5,20,7,18,8,17
1,24,2,23,3,22,5,20,7,18,8,17
2,23,3,22,4,21,5,20,7,18,8,17
2,23,3,22,5,20,6,19,7,18,8,17
1,24,4,21,5,20,6,19,7,18,8,17
1,24,3,22,4,21,5,20,9,16
2,23,3,22,5,20,6,19,9,16
1,24,2,23,3,22,5,20,6,19,9,16
1,24,4,21,5,20,6,19,9,16
1,24,2,23,4,21,5,20,6,19,9,16
1,24,3,22,4,21,5,20,6,19,9,16
2,23,3,22,4,21,5,20,6,19,9,16
2,23,3,22,5,20,7,18,9,16
1,24,2,23,3,22,5,20,7,18,9,16
1,24,3,22,4,21,5,20,7,18,9,16
1,24,2,23,5,20,6,19,7,18,9,16
2,23,3,22,5,20,6,19,7,18,9,16
1,24,2,23,3,22,5,20,6,19,7,18,9,16
1,24,4,21,5,20,6,19,7,18,9,16
2,23,4,21,5,20,6,19,7,18,9,16
1,24,3,22,4,21,5,20,6,19,7,18,9,16
1,24,3,22,5,20,8,17,9,16
1,24,2,23,3,22,5,20,8,17,9,16
1,24,4,21,5,20,8,17,9,16
1,24,2,23,4,21,5,20,8,17,9,16
1,24,3,22,5,20,6,19,8,17,9,16
2,23,3,22,5,20,6,19,8,17,9,16
1,24,4,21,5,20,6,19,8,17,9,16
2,23,3,22,5,20,7,18,8,17,9,16
2,23,4,21,5,20,7,18,8,17,9,16
2,23,3,22,5,20,6,19,7,18,8,17,9,16
2,23,3,22,4,21,6,19,7,18,10,15
1,24,3,22,7,18,8,17,10,15
2,23,3,22,7,18,8,17,10,15
1,24,2,23,3,22,7,18,8,17,10,15
1,24,3,22,4,21,7,18,8,17,10,15
2,23,3,22,4,21,7,18,8,17,10,15
2,23,6,19,7,18,8,17,10,15
1,24,2,23,6,19,7,18,8,17,10,15
1,24,3,22,6,19,7,18,8,17,10,15
2,23,3,22,6,19,7,18,8,17,10,15
1,24,2,23,3,22,6,19,7,18,8,17,10,15
1,24,2,23,3,22,9,16,10,15
1,24,3,22,6,19,9,16,10,15
1,24,2,23,3,22,6,19,9,16,10,15
1,24,4,21,6,19,9,16,10,15
2,23,4,21,6,19,9,16,10,15
1,24,2,23,4,21,6,19,9,16,10,15
1,24,3,22,4,21,6,19,9,16,10,15
2,23,3,22,4,21,6,19,9,16,10,15
1,24,2,23,3,22,7,18,9,16,10,15
1,24,6,19,7,18,9,16,10,15
2,23,6,19,7,18,9,16,10,15
1,24,2,23,6,19,7,18,9,16,10,15
2,23,3,22,6,19,7,18,9,16,10,15
1,24,4,21,6,19,7,18,9,16,10,15
2,23,4,21,6,19,7,18,9,16,10,15
1,24,2,23,4,21,6,19,7,18,9,16,10,15
2,23,3,22,4,21,6,19,7,18,9,16,10,15
1,24,2,23,3,22,8,17,9,16,10,15
1,24,2,23,4,21,8,17,9,16,10,15
1,24,3,22,6,19,8,17,9,16,10,15
2,23,3,22,6,19,8,17,9,16,10,15
1,24,2,23,3,22,6,19,8,17,9,16,10,15
1,24,4,21,6,19,8,17,9,16,10,15
1,24,3,22,4,21,6,19,8,17,9,16,10,15
2,23,7,18,8,17,9,16,10,15
2,23,3,22,7,18,8,17,9,16,10,15
2,23,4,21,7,18,8,17,9,16,10,15
2,23,3,22,4,21,7,18,8,17,9,16,10,15
1,24,4,21,5,20,6,19,11,14
1,24,2,23,4,21,5,20,6,19,11,14
1,24,3,22,4,21,5,20,6,19,11,14
1,24,4,21,5,20,6,19,7,18,11,14
2,23,4,21,5,20,6,19,7,18,11,14
1,24,2,23,3,22,5,20,8,17,11,14
1,24,3,22,4,21,5,20,8,17,11,14
1,24,5,20,6,19,8,17,11,14
1,24,2,23,5,20,6,19,8,17,11,14
1,24,4,21,5,20,6,19,8,17,11,14
2,23,3,22,5,20,7,18,8,17,11,14
1,24,2,23,3,22,5,20,7,18,8,17,11,14
1,24,5,20,6,19,7,18,8,17,11,14
1,24,4,21,5,20,6,19,7,18,8,17,11,14
1,24,2,23,3,22,5,20,9,16,11,14
1,24,4,21,5,20,9,16,11,14
1,24,2,23,4,21,5,20,9,16,11,14
1,24,3,22,4,21,5,20,9,16,11,14
1,24,5,20,6,19,9,16,11,14
2,23,5,20,6,19,9,16,11,14
1,24,2,23,5,20,6,19,9,16,11,14
3,22,5,20,6,19,9,16,11,14
1,24,3,22,5,20,6,19,9,16,11,14
4,21,5,20,6,19,9,16,11,14
1,24,4,21,5,20,6,19,9,16,11,14
2,23,4,21,5,20,6,19,9,16,11,14
1,24,2,23,4,21,5,20,6,19,9,16,11,14
3,22,4,21,5,20,6,19,9,16,11,14
1,24,3,22,4,21,5,20,6,19,9,16,11,14
4,21,5,20,7,18,9,16,11,14
1,24,4,21,5,20,7,18,9,16,11,14
1,24,5,20,6,19,7,18,9,16,11,14
3,22,5,20,6,19,7,18,9,16,11,14
1,24,3,22,5,20,6,19,7,18,9,16,11,14
4,21,5,20,6,19,7,18,9,16,11,14
1,24,4,21,5,20,6,19,7,18,9,16,11,14
1,24,3,22,5,20,8,17,9,16,11,14
1,24,2,23,3,22,5,20,8,17,9,16,11,14
1,24,4,21,5,20,8,17,9,16,11,14
1,24,2,23,4,21,5,20,8,17,9,16,11,14
1,24,5,20,6,19,8,17,9,16,11,14
2,23,5,20,6,19,8,17,9,16,11,14
1,24,2,23,5,20,6,19,8,17,9,16,11,14
4,21,5,20,6,19,8,17,9,16,11,14
1,24,4,21,5,20,6,19,8,17,9,16,11,14
3,22,5,20,7,18,8,17,9,16,11,14
4,21,5,20,7,18,8,17,9,16,11,14
4,21,5,20,6,19,7,18,8,17,9,16,11,14
1,24,3,22,4,21,10,15,11,14
1,24,4,21,6,19,10,15,11,14
1,24,2,23,4,21,6,19,10,15,11,14
1,24,3,22,4,21,6,19,10,15,11,14
4,21,6,19,7,18,10,15,11,14
1,24,4,21,6,19,7,18,10,15,11,14
2,23,4,21,6,19,7,18,10,15,11,14
1,24,2,23,4,21,6,19,7,18,10,15,11,14
1,24,3,22,8,17,10,15,11,14
1,24,2,23,3,22,8,17,10,15,11,14
1,24,3,22,4,21,8,17,10,15,11,14
4,21,6,19,8,17,10,15,11,14
1,24,4,21,6,19,8,17,10,15,11,14
3,22,7,18,8,17,10,15,11,14
2,23,3,22,7,18,8,17,10,15,11,14
2,23,6,19,7,18,8,17,10,15,11,14
1,24,2,23,9,16,10,15,11,14
1,24,2,23,3,22,9,16,10,15,11,14
1,24,4,21,9,16,10,15,11,14
1,24,2,23,4,21,9,16,10,15,11,14
1,24,3,22,4,21,9,16,10,15,11,14
1,24,6,19,9,16,10,15,11,14
1,24,2,23,6,19,9,16,10,15,11,14
1,24,3,22,6,19,9,16,10,15,11,14
1,24,2,23,3,22,6,19,9,16,10,15,11,14
4,21,6,19,9,16,10,15,11,14
1,24,4,21,6,19,9,16,10,15,11,14
2,23,4,21,6,19,9,16,10,15,11,14
1,24,2,23,4,21,6,19,9,16,10,15,11,14
3,22,4,21,6,19,9,16,10,15,11,14
1,24,3,22,4,21,6,19,9,16,10,15,11,14
2,23,3,22,4,21,6,19,9,16,10,15,11,14
1,24,4,21,7,18,9,16,10,15,11,14
1,24,6,19,7,18,9,16,10,15,11,14
3,22,6,19,7,18,9,16,10,15,11,14
4,21,6,19,7,18,9,16,10,15,11,14
1,24,4,21,6,19,7,18,9,16,10,15,11,14
1,24,8,17,9,16,10,15,11,14
1,24,3,22,8,17,9,16,10,15,11,14
1,24,4,21,8,17,9,16,10,15,11,14
1,24,3,22,4,21,8,17,9,16,10,15,11,14
1,24,6,19,8,17,9,16,10,15,11,14
4,21,6,19,8,17,9,16,10,15,11,14
1,24,4,21,6,19,8,17,9,16,10,15,11,14
3,22,7,18,8,17,9,16,10,15,11,14
4,21,7,18,8,17,9,16,10,15,11,14
1,24,2,23,3,22,5,20,6,19,12,13
1,24,2,23,4,21,5,20,6,19,12,13
2,23,3,22,5,20,7,18,12,13
1,24,2,23,3,22,5,20,7,18,12,13
2,23,3,22,4,21,5,20,7,18,12,13
2,23,5,20,6,19,7,18,12,13
2,23,3,22,5,20,6,19,7,18,12,13
2,23,4,21,5,20,6,19,7,18,12,13
2,23,3,22,4,21,5,20,6,19,7,18,12,13
2,23,3,22,5,20,8,17,12,13
1,24,2,23,3,22,5,20,8,17,12,13
1,24,2,23,4,21,5,20,8,17,12,13
2,23,3,22,4,21,5,20,8,17,12,13
2,23,3,22,5,20,6,19,8,17,12,13
1,24,5,20,7,18,8,17,12,13
2,23,5,20,7,18,8,17,12,13
1,24,2,23,5,20,7,18,8,17,12,13
3,22,5,20,7,18,8,17,12,13
1,24,3,22,5,20,7,18,8,17,12,13
2,23,3,22,5,20,7,18,8,17,12,13
1,24,2,23,3,22,5,20,7,18,8,17,12,13
4,21,5,20,7,18,8,17,12,13
2,23,4,21,5,20,7,18,8,17,12,13
3,22,4,21,5,20,7,18,8,17,12,13
2,23,3,22,4,21,5,20,7,18,8,17,12,13
2,23,5,20,6,19,7,18,8,17,12,13
3,22,5,20,6,19,7,18,8,17,12,13
2,23,3,22,5,20,6,19,7,18,8,17,12,13
4,21,5,20,6,19,7,18,8,17,12,13
3,22,4,21,5,20,6,19,7,18,8,17,12,13
1,24,3,22,4,21,5,20,9,16,12,13
1,24,4,21,5,20,6,19,9,16,12,13
1,24,2,23,4,21,5,20,6,19,9,16,12,13
2,23,3,22,5,20,7,18,9,16,12,13
1,24,2,23,3,22,5,20,7,18,9,16,12,13
2,23,5,20,6,19,7,18,9,16,12,13
4,21,5,20,6,19,7,18,9,16,12,13
2,23,4,21,5,20,6,19,7,18,9,16,12,13
3,22,5,20,8,17,9,16,12,13
1,24,3,22,5,20,8,17,9,16,12,13
2,23,3,22,5,20,8,17,9,16,12,13
1,24,2,23,3,22,5,20,8,17,9,16,12,13
2,23,5,20,7,18,8,17,9,16,12,13
3,22,5,20,7,18,8,17,9,16,12,13
2,23,3,22,5,20,7,18,8,17,9,16,12,13
2,23,5,20,6,19,7,18,8,17,9,16,12,13
1,24,2,23,3,22,10,15,12,13
1,24,2,23,3,22,6,19,10,15,12,13
1,24,2,23,4,21,6,19,10,15,12,13
2,23,3,22,7,18,10,15,12,13
1,24,2,23,3,22,7,18,10,15,12,13
3,22,4,21,7,18,10,15,12,13
1,24,3,22,4,21,7,18,10,15,12,13
2,23,3,22,4,21,7,18,10,15,12,13
3,22,6,19,7,18,10,15,12,13
2,23,3,22,6,19,7,18,10,15,12,13
4,21,6,19,7,18,10,15,12,13
2,23,4,21,6,19,7,18,10,15,12,13
2,23,3,22,8,17,10,15,12,13
1,24,2,23,3,22,8,17,10,15,12,13
2,23,4,21,8,17,10,15,12,13
1,24,2,23,4,21,8,17,10,15,12,13
2,23,3,22,4,21,8,17,10,15,12,13
2,23,3,22,6,19,8,17,10,15,12,13
1,24,2,23,3,22,6,19,8,17,10,15,12,13
2,23,7,18,8,17,10,15,12,13
1,24,2,23,7,18,8,17,10,15,12,13
3,22,7,18,8,17,10,15,12,13
1,24,3,22,7,18,8,17,10,15,12,13
2,23,3,22,7,18,8,17,10,15,12,13
1,24,2,23,3,22,7,18,8,17,10,15,12,13
2,23,4,21,7,18,8,17,10,15,12,13
1,24,2,23,4,21,7,18,8,17,10,15,12,13
3,22,4,21,7,18,8,17,10,15,12,13
1,24,3,22,4,21,7,18,8,17,10,15,12,13
2,23,3,22,4,21,7,18,8,17,10,15,12,13
2,23,6,19,7,18,8,17,10,15,12,13
3,22,6,19,7,18,8,17,10,15,12,13
2,23,3,22,6,19,7,18,8,17,10,15,12,13
4,21,6,19,7,18,8,17,10,15,12,13
2,23,3,22,9,16,10,15,12,13
2,23,3,22,4,21,9,16,10,15,12,13
4,21,6,19,9,16,10,15,12,13
1,24,4,21,6,19,9,16,10,15,12,13
2,23,3,22,7,18,9,16,10,15,12,13
3,22,4,21,7,18,9,16,10,15,12,13
2,23,3,22,4,21,7,18,9,16,10,15,12,13
2,23,6,19,7,18,9,16,10,15,12,13
4,21,6,19,7,18,9,16,10,15,12,13
1,24,3,22,8,17,9,16,10,15,12,13
2,23,3,22,8,17,9,16,10,15,12,13
2,23,7,18,8,17,9,16,10,15,12,13
3,22,7,18,8,17,9,16,10,15,12,13
2,23,3,22,7,18,8,17,9,16,10,15,12,13
1,24,5,20,6,19,11,14,12,13
1,24,3,22,5,20,6,19,11,14,12,13
1,24,4,21,5,20,6,19,11,14,12,13
1,24,3,22,4,21,5,20,6,19,11,14,12,13
2,23,5,20,7,18,11,14,12,13
2,23,3,22,5,20,7,18,11,14,12,13
4,21,5,20,7,18,11,14,12,13
1,24,4,21,5,20,7,18,11,14,12,13
2,23,4,21,5,20,7,18,11,14,12,13
3,22,5,20,6,19,7,18,11,14,12,13
4,21,5,20,6,19,7,18,11,14,12,13
1,24,5,20,8,17,11,14,12,13
3,22,5,20,8,17,11,14,12,13
1,24,3,22,5,20,8,17,11,14,12,13
2,23,3,22,5,20,8,17,11,14,12,13
1,24,4,21,5,20,8,17,11,14,12,13
3,22,4,21,5,20,8,17,11,14,12,13
1,24,3,22,4,21,5,20,8,17,11,14,12,13
2,23,3,22,4,21,5,20,8,17,11,14,12,13
4,21,5,20,6,19,8,17,11,14,12,13
1,24,5,20,7,18,8,17,11,14,12,13
2,23,5,20,7,18,8,17,11,14,12,13
3,22,5,20,7,18,8,17,11,14,12,13
1,24,3,22,5,20,7,18,8,17,11,14,12,13
2,23,3,22,5,20,7,18,8,17,11,14,12,13
4,21,5,20,7,18,8,17,11,14,12,13
2,23,4,21,5,20,7,18,8,17,11,14,12,13
4,21,5,20,6,19,7,18,8,17,11,14,12,13
4,21,5,20,9,16,11,14,12,13
1,24,4,21,5,20,9,16,11,14,12,13
2,23,4,21,5,20,9,16,11,14,12,13
3,22,4,21,5,20,9,16,11,14,12,13
1,24,3,22,4,21,5,20,9,16,11,14,12,13
1,24,5,20,6,19,9,16,11,14,12,13
2,23,5,20,6,19,9,16,11,14,12,13
4,21,5,20,6,19,9,16,11,14,12,13
1,24,4,21,5,20,6,19,9,16,11,14,12,13
2,23,4,21,5,20,6,19,9,16,11,14,12,13
1,24,5,20,8,17,9,16,11,14,12,13
1,24,4,21,10,15,11,14,12,13
1,24,3,22,6,19,10,15,11,14,12,13
1,24,4,21,6,19,10,15,11,14,12,13
2,23,3,22,7,18,10,15,11,14,12,13
1,24,4,21,7,18,10,15,11,14,12,13
2,23,4,21,7,18,10,15,11,14,12,13
3,22,6,19,7,18,10,15,11,14,12,13
2,23,3,22,6,19,7,18,10,15,11,14,12,13
4,21,6,19,7,18,10,15,11,14,12,13
2,23,4,21,6,19,7,18,10,15,11,14,12,13
2,23,8,17,10,15,11,14,12,13
1,24,3,22,8,17,10,15,11,14,12,13
2,23,3,22,8,17,10,15,11,14,12,13
4,21,8,17,10,15,11,14,12,13
1,24,4,21,8,17,10,15,11,14,12,13
3,22,4,21,8,17,10,15,11,14,12,13
2,23,6,19,8,17,10,15,11,14,12,13
4,21,6,19,8,17,10,15,11,14,12,13
1,24,4,21,6,19,8,17,10,15,11,14,12,13
1,24,7,18,8,17,10,15,11,14,12,13
2,23,7,18,8,17,10,15,11,14,12,13
3,22,7,18,8,17,10,15,11,14,12,13
2,23,3,22,7,18,8,17,10,15,11,14,12,13
4,21,7,18,8,17,10,15,11,14,12,13
1,24,4,21,7,18,8,17,10,15,11,14,12,13
2,23,6,19,7,18,8,17,10,15,11,14,12,13
2,23,3,22,9,16,10,15,11,14,12,13
1,24,4,21,9,16,10,15,11,14,12,13
1,24,6,19,9,16,10,15,11,14,12,13
4,21,6,19,9,16,10,15,11,14,12,13
1,24,4,21,6,19,9,16,10,15,11,14,12,13
1,24,4,21,7,18,9,16,10,15,11,14,12,13
4,21,6,19,7,18,9,16,10,15,11,14,12,13
1,24,8,17,9,16,10,15,11,14,12,13
2,23,8,17,9,16,10,15,11,14,12,13
1,24,3,22,8,17,9,16,10,15,11,14,12,13
2,23,3,22,8,17,9,16,10,15,11,14,12,13
1,24,6,19,8,17,9,16,10,15,11,14,12,13
3,22,7,18,8,17,9,16,10,15,11,14,12,13
