2,20,4,18,6,16
1,21,2,20,4,18,6,16
2,20,3,19,4,18,6,16
2,20,3,19,5,17,6,16
1,21,2,20,3,19,5,17,6,16
1,21,4,18,5,17,6,16
2,20,4,18,5,17,6,16
1,21,2,20,4,18,5,17,6,16
1,21,3,19,4,18,5,17,6,16
2,20,3,19,4,18,5,17,6,16
2,20,3,19,4,18,5,17,7,15
2,20,4,18,6,16,7,15
1,21,2,20,4,18,6,16,7,15
1,21,3,19,4,18,6,16,7,15
2,20,3,19,4,18,6,16,7,15
1,21,2,20,5,17,6,16,7,15
2,20,3,19,5,17,6,16,7,15
1,21,2,20,3,19,5,17,6,16,7,15
1,21,4,18,5,17,6,16,7,15
2,20,4,18,5,17,6,16,7,15
1,21,3,19,4,18,5,17,6,16,7,15
2,20,3,19,4,18,5,17,6,16,7,15
1,21,2,20,3,19,8,14
2,20,3,19,5,17,8,14
1,21,2,20,3,19,5,17,8,14
1,21,3,19,4,18,5,17,8,14
2,20,3,19,4,18,5,17,8,14
2,20,6,16,8,14
1,21,2,20,6,16,8,14
2,20,3,19,6,16,8,14
1,21,2,20,3,19,6,16,8,14
2,20,5,17,6,16,8,14
1,21,2,20,5,17,6,16,8,14
2,20,3,19,5,17,6,16,8,14
1,21,4,18,5,17,6,16,8,14
1,21,3,19,4,18,5,17,6,16,8,14
1,21,2,20,3,19,7,15,8,14
1,21,3,19,4,18,7,15,8,14
2,20,3,19,5,17,7,15,8,14
1,21,2,20,3,19,5,17,7,15,8,14
2,20,3,19,4,18,5,17,7,15,8,14
2,20,6,16,7,15,8,14
2,20,3,19,6,16,7,15,8,14
2,20,5,17,6,16,7,15,8,14
2,20,3,19,5,17,6,16,7,15,8,14
1,21,2,20,4,18,5,17,9,13
2,20,3,19,6,16,9,13
1,21,2,20,3,19,6,16,9,13
2,20,4,18,6,16,9,13
1,21,2,20,4,18,6,16,9,13
2,20,3,19,4,18,6,16,9,13
2,20,3,19,5,17,6,16,9,13
1,21,2,20,3,19,5,17,6,16,9,13
4,18,5,17,6,16,9,13
1,21,4,18,5,17,6,16,9,13
2,20,4,18,5,17,6,16,9,13
1,21,2,20,4,18,5,17,6,16,9,13
3,19,4,18,5,17,6,16,9,13
1,21,3,19,4,18,5,17,6,16,9,13
2,20,3,19,4,18,5,17,6,16,9,13
2,20,4,18,5,17,7,15,9,13
1,21,2,20,4,18,5,17,7,15,9,13
2,20,6,16,7,15,9,13
1,21,2,20,6,16,7,15,9,13
2,20,3,19,6,16,7,15,9,13
1,21,2,20,3,19,6,16,7,15,9,13
4,18,6,16,7,15,9,13
1,21,4,18,6,16,7,15,9,13
2,20,4,18,6,16,7,15,9,13
1,21,2,20,4,18,6,16,7,15,9,13
3,19,4,18,6,16,7,15,9,13
1,21,3,19,4,18,6,16,7,15,9,13
2,20,5,17,6,16,7,15,9,13
1,21,2,20,5,17,6,16,7,15,9,13
2,20,3,19,5,17,6,16,7,15,9,13
1,21,2,20,3,19,5,17,6,16,7,15,9,13
4,18,5,17,6,16,7,15,9,13
1,21,4,18,5,17,6,16,7,15,9,13
2,20,4,18,5,17,6,16,7,15,9,13
3,19,4,18,5,17,6,16,7,15,9,13
1,21,3,19,4,18,5,17,6,16,7,15,9,13
1,21,2,20,8,14,9,13
1,21,2,20,3,19,8,14,9,13
1,21,2,20,4,18,8,14,9,13
1,21,2,20,5,17,8,14,9,13
2,20,3,19,5,17,8,14,9,13
1,21,2,20,3,19,5,17,8,14,9,13
2,20,6,16,8,14,9,13
1,21,2,20,6,16,8,14,9,13
2,20,3,19,6,16,8,14,9,13
1,21,2,20,3,19,6,16,8,14,9,13
1,21,5,17,6,16,8,14,9,13
2,20,5,17,6,16,8,14,9,13
1,21,2,20,5,17,6,16,8,14,9,13
3,19,5,17,6,16,8,14,9,13
2,20,3,19,5,17,6,16,8,14,9,13
1,21,2,20,7,15,8,14,9,13
1,21,2,20,3,19,7,15,8,14,9,13
1,21,4,18,7,15,8,14,9,13
1,21,2,20,4,18,7,15,8,14,9,13
1,21,3,19,4,18,7,15,8,14,9,13
2,20,5,17,7,15,8,14,9,13
1,21,2,20,5,17,7,15,8,14,9,13
2,20,3,19,5,17,7,15,8,14,9,13
1,21,2,20,3,19,5,17,7,15,8,14,9,13
2,20,6,16,7,15,8,14,9,13
3,19,6,16,7,15,8,14,9,13
2,20,3,19,6,16,7,15,8,14,9,13
4,18,6,16,7,15,8,14,9,13
3,19,4,18,6,16,7,15,8,14,9,13
3,19,5,17,6,16,7,15,8,14,9,13
1,21,2,20,3,19,5,17,10,12
1,21,4,18,5,17,10,12
1,21,2,20,4,18,5,17,10,12
1,21,3,19,4,18,5,17,10,12
4,18,6,16,10,12
1,21,4,18,6,16,10,12
3,19,4,18,6,16,10,12
1,21,3,19,4,18,6,16,10,12
2,20,3,19,5,17,6,16,10,12
1,21,2,20,3,19,5,17,6,16,10,12
4,18,5,17,6,16,10,12
1,21,4,18,5,17,6,16,10,12
3,19,4,18,5,17,6,16,10,12
1,21,3,19,4,18,5,17,6,16,10,12
3,19,4,18,7,15,10,12
1,21,3,19,4,18,7,15,10,12
2,20,3,19,4,18,7,15,10,12
4,18,5,17,7,15,10,12
1,21,4,18,5,17,7,15,10,12
3,19,4,18,5,17,7,15,10,12
1,21,3,19,4,18,5,17,7,15,10,12
4,18,6,16,7,15,10,12
1,21,4,18,6,16,7,15,10,12
3,19,4,18,6,16,7,15,10,12
1,21,5,17,6,16,7,15,10,12
3,19,5,17,6,16,7,15,10,12
1,21,3,19,5,17,6,16,7,15,10,12
4,18,5,17,6,16,7,15,10,12
1,21,4,18,5,17,6,16,7,15,10,12
3,19,4,18,5,17,6,16,7,15,10,12
2,20,8,14,10,12
1,21,2,20,8,14,10,12
2,20,3,19,8,14,10,12
1,21,2,20,3,19,8,14,10,12
4,18,8,14,10,12
1,21,4,18,8,14,10,12
3,19,4,18,8,14,10,12
1,21,3,19,4,18,8,14,10,12
2,20,5,17,8,14,10,12
1,21,2,20,5,17,8,14,10,12
2,20,3,19,5,17,8,14,10,12
1,21,2,20,3,19,5,17,8,14,10,12
4,18,5,17,8,14,10,12
1,21,4,18,5,17,8,14,10,12
3,19,4,18,5,17,8,14,10,12
1,21,3,19,4,18,5,17,8,14,10,12
1,21,7,15,8,14,10,12
2,20,7,15,8,14,10,12
1,21,2,20,7,15,8,14,10,12
3,19,7,15,8,14,10,12
1,21,3,19,7,15,8,14,10,12
2,20,3,19,7,15,8,14,10,12
1,21,2,20,3,19,7,15,8,14,10,12
4,18,7,15,8,14,10,12
1,21,4,18,7,15,8,14,10,12
3,19,4,18,7,15,8,14,10,12
1,21,3,19,4,18,7,15,8,14,10,12
1,21,5,17,7,15,8,14,10,12
3,19,5,17,7,15,8,14,10,12
1,21,3,19,5,17,7,15,8,14,10,12
4,18,5,17,7,15,8,14,10,12
1,21,4,18,5,17,7,15,8,14,10,12
3,19,6,16,7,15,8,14,10,12
3,19,5,17,6,16,7,15,8,14,10,12
1,21,2,20,3,19,9,13,10,12
1,21,3,19,4,18,9,13,10,12
1,21,2,20,3,19,5,17,9,13,10,12
1,21,4,18,5,17,9,13,10,12
1,21,2,20,4,18,5,17,9,13,10,12
1,21,3,19,4,18,5,17,9,13,10,12
4,18,6,16,9,13,10,12
1,21,4,18,6,16,9,13,10,12
4,18,5,17,6,16,9,13,10,12
2,20,3,19,7,15,9,13,10,12
3,19,4,18,7,15,9,13,10,12
1,21,3,19,4,18,7,15,9,13,10,12
2,20,3,19,4,18,7,15,9,13,10,12
4,18,5,17,7,15,9,13,10,12
1,21,4,18,5,17,7,15,9,13,10,12
3,19,4,18,5,17,7,15,9,13,10,12
1,21,3,19,4,18,5,17,7,15,9,13,10,12
1,21,6,16,7,15,9,13,10,12
2,20,6,16,7,15,9,13,10,12
1,21,2,20,6,16,7,15,9,13,10,12
4,18,6,16,7,15,9,13,10,12
1,21,4,18,6,16,7,15,9,13,10,12
4,18,5,17,6,16,7,15,9,13,10,12
1,21,8,14,9,13,10,12
2,20,8,14,9,13,10,12
1,21,2,20,8,14,9,13,10,12
1,21,3,19,8,14,9,13,10,12
2,20,3,19,8,14,9,13,10,12
1,21,2,20,3,19,8,14,9,13,10,12
4,18,8,14,9,13,10,12
1,21,4,18,8,14,9,13,10,12
3,19,4,18,8,14,9,13,10,12
1,21,5,17,8,14,9,13,10,12
2,20,5,17,8,14,9,13,10,12
1,21,2,20,5,17,8,14,9,13,10,12
3,19,5,17,8,14,9,13,10,12
1,21,3,19,5,17,8,14,9,13,10,12
1,21,6,16,8,14,9,13,10,12
1,21,5,17,6,16,8,14,9,13,10,12
1,21,7,15,8,14,9,13,10,12
2,20,7,15,8,14,9,13,10,12
3,19,7,15,8,14,9,13,10,12
1,21,3,19,7,15,8,14,9,13,10,12
2,20,3,19,7,15,8,14,9,13,10,12
4,18,7,15,8,14,9,13,10,12
1,21,4,18,7,15,8,14,9,13,10,12
3,19,4,18,7,15,8,14,9,13,10,12
1,21,5,17,7,15,8,14,9,13,10,12
3,19,5,17,7,15,8,14,9,13,10,12
1,21,3,19,5,17,7,15,8,14,9,13,10,12
