1,31,4,28,5,27,6,26,7,25,8,24,9,23
2,30,3,29,4,28,6,26,7,25,9,23,10,22
2,30,4,28,5,27,6,26,7,25,9,23,10,22
1,31,3,29,4,28,7,25,8,24,9,23,10,22
1,31,4,28,5,27,6,26,7,25,8,24,11,21
1,31,4,28,5,27,6,26,7,25,8,24,9,23,11,21
2,30,4,28,6,26,7,25,9,23,10,22,11,21
1,31,2,30,4,28,6,26,7,25,9,23,10,22,11,21
2,30,3,29,4,28,6,26,7,25,9,23,10,22,11,21
2,30,3,29,4,28,5,27,7,25,8,24,12,20
1,31,4,28,5,27,6,26,7,25,8,24,12,20
1,31,4,28,5,27,6,26,8,24,9,23,12,20
2,30,3,29,5,27,7,25,8,24,9,23,12,20
1,31,2,30,3,29,5,27,7,25,8,24,9,23,12,20
1,31,4,28,5,27,6,26,7,25,8,24,9,23,12,20
1,31,4,28,5,27,6,26,7,25,10,22,12,20
1,31,3,29,4,28,7,25,8,24,10,22,12,20
1,31,4,28,5,27,6,26,7,25,8,24,10,22,12,20
2,30,4,28,5,27,6,26,7,25,9,23,10,22,12,20
1,31,3,29,4,28,7,25,8,24,9,23,10,22,12,20
2,30,3,29,4,28,5,27,7,25,8,24,11,21,12,20
2,30,3,29,4,28,8,24,9,23,11,21,12,20
2,30,3,29,5,27,8,24,9,23,11,21,12,20
2,30,3,29,4,28,5,27,8,24,9,23,11,21,12,20
1,31,4,28,5,27,6,26,8,24,9,23,11,21,12,20
2,30,3,29,4,28,7,25,8,24,9,23,11,21,12,20
2,30,3,29,5,27,7,25,8,24,9,23,11,21,12,20
2,30,4,28,6,26,7,25,9,23,10,22,11,21,12,20
2,30,4,28,6,26,7,25,9,23,10,22,13,19
1,31,2,30,4,28,6,26,7,25,9,23,10,22,13,19
2,30,4,28,5,27,6,26,7,25,9,23,10,22,13,19
1,31,3,29,4,28,8,24,9,23,10,22,13,19
1,31,3,29,4,28,7,25,8,24,9,23,10,22,13,19
2,30,3,29,4,28,5,27,7,25,8,24,11,21,13,19
1,31,4,28,5,27,6,26,7,25,8,24,11,21,13,19
2,30,3,29,4,28,5,27,8,24,9,23,11,21,13,19
1,31,3,29,4,28,8,24,9,23,10,22,11,21,13,19
2,30,3,29,5,27,7,25,8,24,12,20,13,19
2,30,4,28,5,27,7,25,8,24,12,20,13,19
2,30,3,29,4,28,5,27,7,25,8,24,12,20,13,19
2,30,3,29,5,27,7,25,8,24,9,23,12,20,13,19
2,30,4,28,5,27,7,25,8,24,9,23,12,20,13,19
1,31,3,29,4,28,7,25,8,24,10,22,12,20,13,19
1,31,4,28,6,26,9,23,10,22,12,20,13,19
1,31,2,30,4,28,6,26,9,23,10,22,12,20,13,19
1,31,4,28,8,24,9,23,10,22,12,20,13,19
1,31,4,28,6,26,8,24,9,23,10,22,12,20,13,19
1,31,4,28,7,25,8,24,9,23,10,22,12,20,13,19
2,30,5,27,7,25,8,24,11,21,12,20,13,19
2,30,3,29,5,27,7,25,8,24,11,21,12,20,13,19
2,30,4,28,5,27,7,25,8,24,11,21,12,20,13,19
2,30,3,29,4,28,5,27,7,25,8,24,11,21,12,20,13,19
2,30,3,29,8,24,9,23,11,21,12,20,13,19
2,30,4,28,8,24,9,23,11,21,12,20,13,19
2,30,3,29,4,28,8,24,9,23,11,21,12,20,13,19
2,30,3,29,5,27,8,24,9,23,11,21,12,20,13,19
2,30,4,28,5,27,8,24,9,23,11,21,12,20,13,19
2,30,3,29,4,28,5,27,8,24,9,23,11,21,12,20,13,19
2,30,7,25,8,24,9,23,11,21,12,20,13,19
2,30,3,29,7,25,8,24,9,23,11,21,12,20,13,19
2,30,5,27,7,25,8,24,9,23,11,21,12,20,13,19
2,30,3,29,4,28,5,27,7,25,12,20,14,18
2,30,3,29,4,28,5,27,6,26,7,25,12,20,14,18
2,30,3,29,4,28,5,27,7,25,8,24,12,20,14,18
1,31,4,28,5,27,6,26,7,25,10,22,12,20,14,18
1,31,2,30,5,27,6,26,11,21,12,20,14,18
1,31,2,30,3,29,5,27,6,26,11,21,12,20,14,18
1,31,2,30,4,28,5,27,6,26,11,21,12,20,14,18
2,30,5,27,6,26,7,25,11,21,12,20,14,18
2,30,3,29,5,27,6,26,7,25,11,21,12,20,14,18
2,30,5,27,6,26,9,23,11,21,12,20,14,18
1,31,2,30,5,27,6,26,9,23,11,21,12,20,14,18
1,31,3,29,4,28,5,27,8,24,11,21,13,19,14,18
1,31,2,30,4,28,5,27,12,20,13,19,14,18
1,31,4,28,5,27,8,24,12,20,13,19,14,18
1,31,2,30,4,28,5,27,8,24,12,20,13,19,14,18
1,31,3,29,4,28,5,27,8,24,12,20,13,19,14,18
1,31,2,30,3,29,10,22,12,20,13,19,14,18
1,31,2,30,3,29,5,27,10,22,12,20,13,19,14,18
1,31,2,30,4,28,5,27,10,22,12,20,13,19,14,18
2,30,3,29,7,25,10,22,12,20,13,19,14,18
1,31,2,30,3,29,7,25,10,22,12,20,13,19,14,18
2,30,3,29,4,28,7,25,10,22,12,20,13,19,14,18
2,30,3,29,9,23,10,22,12,20,13,19,14,18
2,30,3,29,4,28,9,23,10,22,12,20,13,19,14,18
2,30,3,29,5,27,9,23,10,22,12,20,13,19,14,18
1,31,3,29,8,24,11,21,12,20,13,19,14,18
1,31,4,28,8,24,11,21,12,20,13,19,14,18
1,31,3,29,4,28,8,24,11,21,12,20,13,19,14,18
1,31,5,27,8,24,11,21,12,20,13,19,14,18
1,31,3,29,5,27,8,24,11,21,12,20,13,19,14,18
1,31,4,28,5,27,8,24,11,21,12,20,13,19,14,18
1,31,3,29,4,28,5,27,8,24,11,21,12,20,13,19,14,18
2,30,4,28,9,23,11,21,12,20,13,19,14,18
2,30,4,28,6,26,9,23,11,21,12,20,13,19,14,18
2,30,5,27,6,26,9,23,11,21,12,20,13,19,14,18
2,30,4,28,8,24,9,23,11,21,12,20,13,19,14,18
2,30,3,29,7,25,10,22,11,21,12,20,13,19,14,18
1,31,4,28,5,27,6,26,8,24,9,23,15,17
1,31,4,28,5,27,6,26,7,25,8,24,9,23,15,17
1,31,3,29,4,28,7,25,8,24,10,22,15,17
2,30,3,29,4,28,6,26,7,25,9,23,10,22,15,17
2,30,4,28,5,27,6,26,7,25,9,23,10,22,15,17
1,31,3,29,4,28,7,25,8,24,9,23,10,22,15,17
1,31,4,28,6,26,7,25,8,24,11,21,15,17
1,31,4,28,5,27,6,26,7,25,8,24,11,21,15,17
4,28,5,27,6,26,8,24,9,23,11,21,15,17
1,31,4,28,5,27,6,26,8,24,9,23,11,21,15,17
3,29,4,28,5,27,6,26,8,24,9,23,11,21,15,17
4,28,6,26,7,25,8,24,9,23,11,21,15,17
1,31,4,28,6,26,7,25,8,24,9,23,11,21,15,17
4,28,5,27,6,26,7,25,8,24,9,23,11,21,15,17
1,31,4,28,5,27,6,26,7,25,8,24,12,20,15,17
1,31,4,28,5,27,6,26,8,24,9,23,12,20,15,17
1,31,5,27,6,26,7,25,8,24,9,23,12,20,15,17
1,31,4,28,5,27,6,26,7,25,8,24,9,23,12,20,15,17
3,29,4,28,6,26,7,25,10,22,12,20,15,17
2,30,3,29,4,28,6,26,7,25,10,22,12,20,15,17
3,29,4,28,7,25,8,24,10,22,12,20,15,17
1,31,3,29,4,28,7,25,8,24,10,22,12,20,15,17
3,29,4,28,6,26,7,25,8,24,10,22,12,20,15,17
1,31,3,29,7,25,8,24,9,23,10,22,12,20,15,17
3,29,4,28,7,25,8,24,9,23,10,22,12,20,15,17
1,31,3,29,4,28,7,25,8,24,9,23,10,22,12,20,15,17
4,28,6,26,7,25,8,24,11,21,12,20,15,17
1,31,4,28,6,26,7,25,8,24,11,21,12,20,15,17
4,28,5,27,6,26,7,25,8,24,11,21,12,20,15,17
4,28,6,26,8,24,9,23,11,21,12,20,15,17
1,31,4,28,6,26,8,24,9,23,11,21,12,20,15,17
1,31,6,26,7,25,8,24,9,23,11,21,12,20,15,17
4,28,6,26,7,25,8,24,9,23,11,21,12,20,15,17
1,31,4,28,6,26,7,25,8,24,9,23,11,21,12,20,15,17
4,28,6,26,9,23,10,22,11,21,12,20,15,17
4,28,6,26,8,24,9,23,10,22,11,21,12,20,15,17
3,29,4,28,7,25,8,24,10,22,13,19,15,17
1,31,3,29,4,28,7,25,8,24,10,22,13,19,15,17
3,29,4,28,5,27,7,25,8,24,10,22,13,19,15,17
1,31,4,28,8,24,9,23,10,22,13,19,15,17
1,31,3,29,4,28,8,24,9,23,10,22,13,19,15,17
4,28,7,25,8,24,9,23,10,22,13,19,15,17
1,31,4,28,7,25,8,24,9,23,10,22,13,19,15,17
3,29,4,28,7,25,8,24,9,23,10,22,13,19,15,17
4,28,8,24,9,23,10,22,12,20,13,19,15,17
1,31,4,28,8,24,9,23,10,22,12,20,13,19,15,17
3,29,4,28,8,24,9,23,10,22,12,20,13,19,15,17
1,31,7,25,8,24,9,23,10,22,12,20,13,19,15,17
4,28,7,25,8,24,9,23,10,22,12,20,13,19,15,17
1,31,4,28,7,25,8,24,9,23,10,22,12,20,13,19,15,17
2,30,7,25,8,24,9,23,11,21,12,20,13,19,15,17
1,31,3,29,4,28,6,26,10,22,14,18,15,17
1,31,4,28,5,27,6,26,10,22,14,18,15,17
1,31,3,29,4,28,5,27,6,26,10,22,14,18,15,17
1,31,4,28,5,27,6,26,7,25,10,22,14,18,15,17
1,31,3,29,4,28,6,26,9,23,10,22,14,18,15,17
1,31,4,28,6,26,10,22,11,21,14,18,15,17
1,31,4,28,6,26,9,23,10,22,11,21,14,18,15,17
3,29,4,28,5,27,8,24,12,20,14,18,15,17
1,31,3,29,4,28,5,27,8,24,12,20,14,18,15,17
1,31,3,29,4,28,6,26,10,22,12,20,14,18,15,17
2,30,3,29,4,28,11,21,12,20,14,18,15,17
2,30,5,27,6,26,11,21,12,20,14,18,15,17
2,30,4,28,5,27,6,26,11,21,12,20,14,18,15,17
2,30,5,27,6,26,7,25,11,21,12,20,14,18,15,17
1,31,3,29,8,24,11,21,12,20,14,18,15,17
3,29,4,28,8,24,11,21,12,20,14,18,15,17
2,30,3,29,4,28,8,24,11,21,12,20,14,18,15,17
3,29,5,27,8,24,11,21,12,20,14,18,15,17
1,31,3,29,5,27,8,24,11,21,12,20,14,18,15,17
3,29,4,28,5,27,8,24,11,21,12,20,14,18,15,17
1,31,3,29,7,25,8,24,11,21,12,20,14,18,15,17
2,30,3,29,4,28,10,22,11,21,12,20,14,18,15,17
4,28,6,26,9,23,10,22,11,21,12,20,14,18,15,17
1,31,4,28,6,26,10,22,13,19,14,18,15,17
1,31,4,28,6,26,7,25,10,22,13,19,14,18,15,17
3,29,4,28,5,27,8,24,11,21,13,19,14,18,15,17
1,31,4,28,6,26,10,22,11,21,13,19,14,18,15,17
1,31,5,27,8,24,12,20,13,19,14,18,15,17
3,29,5,27,8,24,12,20,13,19,14,18,15,17
1,31,3,29,5,27,8,24,12,20,13,19,14,18,15,17
3,29,4,28,5,27,8,24,12,20,13,19,14,18,15,17
1,31,5,27,8,24,9,23,12,20,13,19,14,18,15,17
2,30,3,29,10,22,12,20,13,19,14,18,15,17
1,31,4,28,6,26,10,22,12,20,13,19,14,18,15,17
2,30,3,29,9,23,10,22,12,20,13,19,14,18,15,17
2,30,5,27,6,26,11,21,12,20,13,19,14,18,15,17
1,31,3,29,8,24,11,21,12,20,13,19,14,18,15,17
1,31,4,28,8,24,11,21,12,20,13,19,14,18,15,17
3,29,4,28,8,24,11,21,12,20,13,19,14,18,15,17
1,31,5,27,8,24,11,21,12,20,13,19,14,18,15,17
3,29,5,27,8,24,11,21,12,20,13,19,14,18,15,17
3,29,4,28,5,27,8,24,11,21,12,20,13,19,14,18,15,17
2,30,3,29,10,22,11,21,12,20,13,19,14,18,15,17
