1,17,2,16,3,15
1,17,3,15,4,14
2,16,3,15,5,13
1,17,2,16,3,15,5,13
1,17,3,15,4,14,5,13
2,16,3,15,4,14,5,13
1,17,2,16,3,15,6,12
2,16,4,14,6,12
1,17,2,16,4,14,6,12
1,17,3,15,4,14,6,12
2,16,3,15,4,14,6,12
1,17,3,15,5,13,6,12
2,16,3,15,5,13,6,12
1,17,2,16,3,15,5,13,6,12
1,17,4,14,5,13,6,12
2,16,4,14,5,13,6,12
1,17,2,16,4,14,5,13,6,12
1,17,3,15,4,14,5,13,6,12
2,16,3,15,4,14,5,13,6,12
1,17,2,16,3,15,7,11
3,15,4,14,7,11
1,17,3,15,4,14,7,11
2,16,3,15,4,14,7,11
2,16,3,15,5,13,7,11
1,17,2,16,3,15,5,13,7,11
3,15,4,14,5,13,7,11
1,17,3,15,4,14,5,13,7,11
2,16,3,15,4,14,5,13,7,11
1,17,2,16,6,12,7,11
1,17,3,15,6,12,7,11
1,17,2,16,3,15,6,12,7,11
2,16,4,14,6,12,7,11
1,17,2,16,4,14,6,12,7,11
3,15,4,14,6,12,7,11
1,17,3,15,4,14,6,12,7,11
2,16,3,15,4,14,6,12,7,11
2,16,5,13,6,12,7,11
3,15,5,13,6,12,7,11
2,16,3,15,5,13,6,12,7,11
4,14,5,13,6,12,7,11
2,16,4,14,5,13,6,12,7,11
3,15,4,14,5,13,6,12,7,11
2,16,3,15,4,14,5,13,6,12,7,11
1,17,2,16,3,15,8,10
1,17,3,15,4,14,8,10
3,15,5,13,8,10
1,17,3,15,5,13,8,10
3,15,4,14,5,13,8,10
1,17,3,15,4,14,5,13,8,10
2,16,6,12,8,10
1,17,2,16,6,12,8,10
2,16,3,15,6,12,8,10
1,17,2,16,3,15,6,12,8,10
4,14,6,12,8,10
1,17,4,14,6,12,8,10
3,15,4,14,6,12,8,10
1,17,3,15,4,14,6,12,8,10
1,17,5,13,6,12,8,10
2,16,5,13,6,12,8,10
1,17,2,16,5,13,6,12,8,10
3,15,5,13,6,12,8,10
1,17,3,15,5,13,6,12,8,10
4,14,5,13,6,12,8,10
1,17,4,14,5,13,6,12,8,10
3,15,4,14,5,13,6,12,8,10
1,17,3,15,4,14,5,13,6,12,8,10
3,15,7,11,8,10
1,17,3,15,7,11,8,10
2,16,3,15,7,11,8,10
1,17,2,16,3,15,7,11,8,10
3,15,5,13,7,11,8,10
1,17,3,15,5,13,7,11,8,10
1,17,6,12,7,11,8,10
2,16,6,12,7,11,8,10
1,17,2,16,6,12,7,11,8,10
3,15,6,12,7,11,8,10
1,17,3,15,6,12,7,11,8,10
2,16,3,15,6,12,7,11,8,10
1,17,2,16,3,15,6,12,7,11,8,10
4,14,6,12,7,11,8,10
1,17,4,14,6,12,7,11,8,10
2,16,5,13,6,12,7,11,8,10
3,15,5,13,6,12,7,11,8,10
4,14,5,13,6,12,7,11,8,10
