1,22,4,19,5,18,6,17
1,22,2,21,4,19,5,18,6,17
1,22,3,20,4,19,5,18,6,17
1,22,3,20,4,19,7,16
2,21,3,20,5,18,7,16
1,22,2,21,3,20,5,18,7,16
1,22,3,20,4,19,5,18,7,16
2,21,3,20,4,19,5,18,7,16
1,22,3,20,4,19,6,17,7,16
2,21,3,20,4,19,6,17,7,16
1,22,2,21,5,18,6,17,7,16
2,21,3,20,5,18,6,17,7,16
1,22,2,21,3,20,5,18,6,17,7,16
1,22,4,19,5,18,6,17,7,16
2,21,4,19,5,18,6,17,7,16
1,22,3,20,4,19,5,18,6,17,7,16
2,21,3,20,4,19,5,18,6,17,7,16
1,22,2,21,3,20,5,18,8,15
1,22,3,20,4,19,5,18,8,15
2,21,3,20,5,18,6,17,8,15
1,22,4,19,5,18,6,17,8,15
1,22,3,20,4,19,5,18,6,17,8,15
1,22,3,20,4,19,7,16,8,15
1,22,3,20,5,18,7,16,8,15
2,21,3,20,5,18,7,16,8,15
1,22,2,21,3,20,5,18,7,16,8,15
2,21,3,20,4,19,5,18,7,16,8,15
1,22,4,19,6,17,7,16,8,15
1,22,5,18,6,17,7,16,8,15
1,22,3,20,5,18,6,17,7,16,8,15
2,21,3,20,5,18,6,17,7,16,8,15
1,22,4,19,5,18,6,17,7,16,8,15
1,22,3,20,4,19,5,18,9,14
2,21,3,20,4,19,5,18,9,14
1,22,3,20,4,19,6,17,9,14
2,21,3,20,4,19,6,17,9,14
1,22,4,19,5,18,6,17,9,14
2,21,4,19,5,18,6,17,9,14
1,22,2,21,4,19,5,18,6,17,9,14
1,22,3,20,4,19,5,18,6,17,9,14
2,21,3,20,4,19,5,18,6,17,9,14
1,22,2,21,3,20,7,16,9,14
1,22,3,20,4,19,7,16,9,14
1,22,4,19,5,18,7,16,9,14
1,22,3,20,4,19,5,18,7,16,9,14
1,22,3,20,6,17,7,16,9,14
2,21,3,20,6,17,7,16,9,14
1,22,2,21,3,20,6,17,7,16,9,14
1,22,3,20,4,19,6,17,7,16,9,14
2,21,3,20,4,19,6,17,7,16,9,14
1,22,3,20,5,18,6,17,7,16,9,14
1,22,4,19,5,18,6,17,7,16,9,14
1,22,3,20,4,19,5,18,6,17,7,16,9,14
1,22,2,21,3,20,8,15,9,14
1,22,2,21,3,20,5,18,8,15,9,14
2,21,3,20,4,19,5,18,8,15,9,14
2,21,6,17,8,15,9,14
1,22,2,21,6,17,8,15,9,14
1,22,3,20,6,17,8,15,9,14
2,21,3,20,6,17,8,15,9,14
1,22,2,21,3,20,6,17,8,15,9,14
1,22,3,20,4,19,6,17,8,15,9,14
1,22,5,18,6,17,8,15,9,14
2,21,5,18,6,17,8,15,9,14
1,22,2,21,5,18,6,17,8,15,9,14
2,21,3,20,5,18,6,17,8,15,9,14
1,22,4,19,5,18,6,17,8,15,9,14
2,21,6,17,7,16,8,15,9,14
2,21,3,20,6,17,7,16,8,15,9,14
1,22,2,21,4,19,6,17,10,13
1,22,4,19,5,18,6,17,10,13
1,22,3,20,4,19,5,18,6,17,10,13
1,22,2,21,3,20,7,16,10,13
1,22,3,20,4,19,7,16,10,13
2,21,3,20,5,18,7,16,10,13
1,22,2,21,3,20,5,18,7,16,10,13
3,20,4,19,5,18,7,16,10,13
1,22,3,20,4,19,5,18,7,16,10,13
1,22,6,17,7,16,10,13
1,22,2,21,6,17,7,16,10,13
1,22,4,19,6,17,7,16,10,13
2,21,4,19,6,17,7,16,10,13
1,22,2,21,4,19,6,17,7,16,10,13
1,22,5,18,6,17,7,16,10,13
1,22,2,21,5,18,6,17,7,16,10,13
1,22,4,19,5,18,6,17,7,16,10,13
2,21,4,19,5,18,6,17,7,16,10,13
1,22,2,21,3,20,8,15,10,13
1,22,2,21,3,20,6,17,8,15,10,13
1,22,5,18,6,17,8,15,10,13
2,21,5,18,6,17,8,15,10,13
1,22,2,21,5,18,6,17,8,15,10,13
4,19,5,18,6,17,8,15,10,13
1,22,4,19,5,18,6,17,8,15,10,13
1,22,3,20,7,16,8,15,10,13
1,22,2,21,3,20,7,16,8,15,10,13
1,22,3,20,4,19,7,16,8,15,10,13
1,22,6,17,7,16,8,15,10,13
2,21,6,17,7,16,8,15,10,13
1,22,2,21,6,17,7,16,8,15,10,13
1,22,4,19,6,17,7,16,8,15,10,13
1,22,5,18,6,17,7,16,8,15,10,13
4,19,5,18,6,17,7,16,8,15,10,13
1,22,4,19,5,18,6,17,7,16,8,15,10,13
1,22,3,20,4,19,9,14,10,13
4,19,6,17,9,14,10,13
1,22,4,19,6,17,9,14,10,13
2,21,4,19,6,17,9,14,10,13
1,22,2,21,4,19,6,17,9,14,10,13
3,20,4,19,6,17,9,14,10,13
2,21,3,20,4,19,6,17,9,14,10,13
1,22,2,21,7,16,9,14,10,13
1,22,2,21,3,20,7,16,9,14,10,13
1,22,2,21,4,19,7,16,9,14,10,13
1,22,3,20,4,19,7,16,9,14,10,13
1,22,6,17,7,16,9,14,10,13
2,21,6,17,7,16,9,14,10,13
1,22,2,21,6,17,7,16,9,14,10,13
4,19,6,17,7,16,9,14,10,13
1,22,4,19,6,17,7,16,9,14,10,13
2,21,4,19,6,17,7,16,9,14,10,13
1,22,2,21,4,19,6,17,7,16,9,14,10,13
1,22,5,18,6,17,7,16,9,14,10,13
1,22,8,15,9,14,10,13
1,22,2,21,8,15,9,14,10,13
1,22,3,20,8,15,9,14,10,13
1,22,2,21,3,20,8,15,9,14,10,13
1,22,4,19,8,15,9,14,10,13
1,22,2,21,4,19,8,15,9,14,10,13
1,22,3,20,4,19,8,15,9,14,10,13
1,22,5,18,8,15,9,14,10,13
2,21,5,18,8,15,9,14,10,13
1,22,6,17,8,15,9,14,10,13
2,21,6,17,8,15,9,14,10,13
1,22,2,21,6,17,8,15,9,14,10,13
3,20,6,17,8,15,9,14,10,13
1,22,3,20,6,17,8,15,9,14,10,13
2,21,3,20,6,17,8,15,9,14,10,13
1,22,2,21,3,20,6,17,8,15,9,14,10,13
4,19,6,17,8,15,9,14,10,13
1,22,4,19,6,17,8,15,9,14,10,13
2,21,5,18,6,17,8,15,9,14,10,13
4,19,6,17,7,16,8,15,9,14,10,13
1,22,2,21,3,20,5,18,11,12
1,22,3,20,4,19,7,16,11,12
2,21,3,20,5,18,7,16,11,12
1,22,2,21,3,20,5,18,7,16,11,12
4,19,5,18,7,16,11,12
1,22,4,19,5,18,7,16,11,12
2,21,4,19,5,18,7,16,11,12
1,22,2,21,4,19,5,18,7,16,11,12
3,20,4,19,5,18,7,16,11,12
1,22,3,20,4,19,5,18,7,16,11,12
2,21,3,20,4,19,5,18,7,16,11,12
1,22,3,20,4,19,6,17,7,16,11,12
2,21,3,20,4,19,6,17,7,16,11,12
2,21,5,18,6,17,7,16,11,12
3,20,5,18,6,17,7,16,11,12
2,21,3,20,5,18,6,17,7,16,11,12
4,19,5,18,6,17,7,16,11,12
2,21,4,19,5,18,6,17,7,16,11,12
3,20,4,19,5,18,6,17,7,16,11,12
2,21,3,20,4,19,5,18,6,17,7,16,11,12
2,21,3,20,4,19,8,15,11,12
3,20,5,18,8,15,11,12
1,22,3,20,5,18,8,15,11,12
2,21,3,20,5,18,8,15,11,12
1,22,2,21,3,20,5,18,8,15,11,12
3,20,4,19,5,18,8,15,11,12
1,22,3,20,4,19,5,18,8,15,11,12
2,21,3,20,4,19,5,18,8,15,11,12
2,21,5,18,6,17,8,15,11,12
3,20,5,18,6,17,8,15,11,12
4,19,5,18,6,17,8,15,11,12
3,20,4,19,5,18,6,17,8,15,11,12
1,22,5,18,7,16,8,15,11,12
1,22,2,21,5,18,7,16,8,15,11,12
3,20,5,18,7,16,8,15,11,12
1,22,3,20,5,18,7,16,8,15,11,12
2,21,3,20,5,18,7,16,8,15,11,12
1,22,2,21,3,20,5,18,7,16,8,15,11,12
2,21,5,18,6,17,7,16,8,15,11,12
2,21,3,20,9,14,11,12
1,22,2,21,3,20,9,14,11,12
2,21,3,20,4,19,9,14,11,12
2,21,3,20,5,18,9,14,11,12
3,20,4,19,5,18,9,14,11,12
1,22,3,20,4,19,5,18,9,14,11,12
2,21,3,20,4,19,5,18,9,14,11,12
2,21,5,18,6,17,9,14,11,12
4,19,5,18,6,17,9,14,11,12
2,21,4,19,5,18,6,17,9,14,11,12
2,21,3,20,7,16,9,14,11,12
1,22,2,21,3,20,7,16,9,14,11,12
3,20,4,19,7,16,9,14,11,12
1,22,3,20,4,19,7,16,9,14,11,12
2,21,3,20,4,19,7,16,9,14,11,12
4,19,5,18,7,16,9,14,11,12
4,19,5,18,6,17,7,16,9,14,11,12
1,22,3,20,8,15,9,14,11,12
2,21,3,20,8,15,9,14,11,12
3,20,4,19,8,15,9,14,11,12
2,21,3,20,4,19,8,15,9,14,11,12
3,20,5,18,8,15,9,14,11,12
1,22,3,20,5,18,8,15,9,14,11,12
2,21,3,20,5,18,8,15,9,14,11,12
3,20,4,19,5,18,8,15,9,14,11,12
2,21,3,20,4,19,5,18,8,15,9,14,11,12
2,21,6,17,8,15,9,14,11,12
1,22,2,21,6,17,8,15,9,14,11,12
4,19,6,17,8,15,9,14,11,12
1,22,4,19,6,17,8,15,9,14,11,12
2,21,5,18,6,17,8,15,9,14,11,12
4,19,5,18,6,17,8,15,9,14,11,12
2,21,7,16,8,15,9,14,11,12
2,21,3,20,7,16,8,15,9,14,11,12
3,20,5,18,7,16,8,15,9,14,11,12
1,22,4,19,5,18,10,13,11,12
1,22,3,20,4,19,5,18,10,13,11,12
2,21,3,20,7,16,10,13,11,12
1,22,4,19,7,16,10,13,11,12
3,20,4,19,7,16,10,13,11,12
1,22,3,20,4,19,7,16,10,13,11,12
2,21,3,20,4,19,7,16,10,13,11,12
2,21,5,18,7,16,10,13,11,12
4,19,5,18,7,16,10,13,11,12
1,22,4,19,5,18,7,16,10,13,11,12
2,21,4,19,5,18,7,16,10,13,11,12
3,20,4,19,5,18,7,16,10,13,11,12
1,22,3,20,4,19,5,18,7,16,10,13,11,12
1,22,6,17,7,16,10,13,11,12
4,19,6,17,7,16,10,13,11,12
4,19,5,18,6,17,7,16,10,13,11,12
2,21,8,15,10,13,11,12
2,21,3,20,8,15,10,13,11,12
2,21,4,19,8,15,10,13,11,12
1,22,5,18,8,15,10,13,11,12
2,21,5,18,8,15,10,13,11,12
4,19,5,18,8,15,10,13,11,12
1,22,4,19,5,18,8,15,10,13,11,12
2,21,4,19,5,18,8,15,10,13,11,12
2,21,6,17,8,15,10,13,11,12
2,21,3,20,6,17,8,15,10,13,11,12
2,21,5,18,6,17,8,15,10,13,11,12
4,19,5,18,6,17,8,15,10,13,11,12
1,22,7,16,8,15,10,13,11,12
2,21,7,16,8,15,10,13,11,12
3,20,7,16,8,15,10,13,11,12
1,22,3,20,7,16,8,15,10,13,11,12
2,21,3,20,7,16,8,15,10,13,11,12
1,22,5,18,7,16,8,15,10,13,11,12
2,21,5,18,7,16,8,15,10,13,11,12
1,22,6,17,7,16,8,15,10,13,11,12
2,21,6,17,7,16,8,15,10,13,11,12
2,21,3,20,9,14,10,13,11,12
1,22,4,19,9,14,10,13,11,12
2,21,4,19,9,14,10,13,11,12
2,21,3,20,4,19,9,14,10,13,11,12
2,21,3,20,5,18,9,14,10,13,11,12
1,22,6,17,9,14,10,13,11,12
4,19,6,17,9,14,10,13,11,12
1,22,4,19,6,17,9,14,10,13,11,12
2,21,4,19,6,17,9,14,10,13,11,12
2,21,5,18,6,17,9,14,10,13,11,12
2,21,7,16,9,14,10,13,11,12
2,21,3,20,7,16,9,14,10,13,11,12
1,22,4,19,7,16,9,14,10,13,11,12
2,21,6,17,7,16,9,14,10,13,11,12
4,19,6,17,7,16,9,14,10,13,11,12
1,22,8,15,9,14,10,13,11,12
2,21,8,15,9,14,10,13,11,12
1,22,3,20,8,15,9,14,10,13,11,12
2,21,3,20,8,15,9,14,10,13,11,12
4,19,8,15,9,14,10,13,11,12
1,22,4,19,8,15,9,14,10,13,11,12
3,20,4,19,8,15,9,14,10,13,11,12
1,22,5,18,8,15,9,14,10,13,11,12
2,21,5,18,8,15,9,14,10,13,11,12
1,22,6,17,8,15,9,14,10,13,11,12
2,21,6,17,8,15,9,14,10,13,11,12
4,19,6,17,8,15,9,14,10,13,11,12
1,22,4,19,6,17,8,15,9,14,10,13,11,12
2,21,5,18,6,17,8,15,9,14,10,13,11,12
2,21,7,16,8,15,9,14,10,13,11,12
3,20,7,16,8,15,9,14,10,13,11,12
2,21,3,20,7,16,8,15,9,14,10,13,11,12
