1,18,2,17,3,16
2,17,3,16,5,14
1,18,2,17,3,16,5,14
1,18,3,16,4,15,5,14
2,17,3,16,4,15,5,14
1,18,2,17,3,16,6,13
2,17,4,15,6,13
1,18,2,17,4,15,6,13
2,17,3,16,4,15,6,13
1,18,3,16,5,14,6,13
2,17,3,16,5,14,6,13
1,18,2,17,3,16,5,14,6,13
1,18,4,15,5,14,6,13
2,17,4,15,5,14,6,13
1,18,2,17,4,15,5,14,6,13
1,18,3,16,4,15,5,14,6,13
2,17,3,16,4,15,5,14,6,13
1,18,2,17,3,16,7,12
1,18,3,16,4,15,7,12
2,17,3,16,4,15,7,12
2,17,5,14,7,12
1,18,2,17,5,14,7,12
2,17,3,16,5,14,7,12
1,18,2,17,3,16,5,14,7,12
1,18,4,15,5,14,7,12
2,17,4,15,5,14,7,12
1,18,2,17,4,15,5,14,7,12
1,18,3,16,4,15,5,14,7,12
2,17,3,16,4,15,5,14,7,12
1,18,6,13,7,12
1,18,2,17,6,13,7,12
1,18,3,16,6,13,7,12
1,18,2,17,3,16,6,13,7,12
1,18,4,15,6,13,7,12
2,17,4,15,6,13,7,12
1,18,2,17,4,15,6,13,7,12
1,18,3,16,4,15,6,13,7,12
2,17,3,16,4,15,6,13,7,12
2,17,5,14,6,13,7,12
2,17,3,16,5,14,6,13,7,12
2,17,4,15,5,14,6,13,7,12
2,17,3,16,4,15,5,14,6,13,7,12
1,18,2,17,3,16,8,11
3,16,5,14,8,11
1,18,3,16,5,14,8,11
2,17,3,16,5,14,8,11
1,18,2,17,3,16,5,14,8,11
3,16,4,15,5,14,8,11
1,18,3,16,4,15,5,14,8,11
2,17,3,16,4,15,5,14,8,11
1,18,2,17,6,13,8,11
1,18,2,17,3,16,6,13,8,11
1,18,5,14,6,13,8,11
2,17,5,14,6,13,8,11
1,18,2,17,5,14,6,13,8,11
4,15,5,14,6,13,8,11
1,18,4,15,5,14,6,13,8,11
1,18,7,12,8,11
1,18,2,17,7,12,8,11
1,18,3,16,7,12,8,11
1,18,2,17,3,16,7,12,8,11
4,15,7,12,8,11
1,18,4,15,7,12,8,11
2,17,4,15,7,12,8,11
1,18,2,17,4,15,7,12,8,11
1,18,5,14,7,12,8,11
2,17,5,14,7,12,8,11
1,18,2,17,5,14,7,12,8,11
3,16,5,14,7,12,8,11
1,18,3,16,5,14,7,12,8,11
2,17,3,16,5,14,7,12,8,11
1,18,2,17,3,16,5,14,7,12,8,11
4,15,5,14,7,12,8,11
1,18,4,15,5,14,7,12,8,11
2,17,4,15,5,14,7,12,8,11
1,18,2,17,4,15,5,14,7,12,8,11
1,18,6,13,7,12,8,11
1,18,2,17,6,13,7,12,8,11
1,18,3,16,6,13,7,12,8,11
1,18,2,17,3,16,6,13,7,12,8,11
4,15,6,13,7,12,8,11
1,18,4,15,6,13,7,12,8,11
2,17,5,14,6,13,7,12,8,11
4,15,5,14,6,13,7,12,8,11
1,18,2,17,3,16,9,10
1,18,3,16,4,15,9,10
2,17,3,16,5,14,9,10
1,18,2,17,3,16,5,14,9,10
4,15,5,14,9,10
2,17,4,15,5,14,9,10
3,16,4,15,5,14,9,10
2,17,3,16,4,15,5,14,9,10
3,16,6,13,9,10
1,18,3,16,6,13,9,10
2,17,3,16,6,13,9,10
1,18,2,17,3,16,6,13,9,10
4,15,6,13,9,10
1,18,4,15,6,13,9,10
2,17,4,15,6,13,9,10
1,18,2,17,4,15,6,13,9,10
3,16,4,15,6,13,9,10
1,18,3,16,4,15,6,13,9,10
2,17,3,16,4,15,6,13,9,10
3,16,5,14,6,13,9,10
1,18,3,16,5,14,6,13,9,10
2,17,3,16,5,14,6,13,9,10
1,18,2,17,3,16,5,14,6,13,9,10
4,15,5,14,6,13,9,10
2,17,4,15,5,14,6,13,9,10
3,16,4,15,5,14,6,13,9,10
2,17,3,16,4,15,5,14,6,13,9,10
2,17,3,16,7,12,9,10
1,18,2,17,3,16,7,12,9,10
3,16,4,15,7,12,9,10
1,18,3,16,4,15,7,12,9,10
2,17,3,16,4,15,7,12,9,10
4,15,5,14,7,12,9,10
3,16,4,15,5,14,7,12,9,10
1,18,6,13,7,12,9,10
2,17,6,13,7,12,9,10
1,18,2,17,6,13,7,12,9,10
4,15,6,13,7,12,9,10
1,18,4,15,6,13,7,12,9,10
2,17,4,15,6,13,7,12,9,10
1,18,2,17,4,15,6,13,7,12,9,10
4,15,5,14,6,13,7,12,9,10
1,18,8,11,9,10
1,18,3,16,8,11,9,10
1,18,4,15,8,11,9,10
1,18,3,16,4,15,8,11,9,10
1,18,5,14,8,11,9,10
2,17,5,14,8,11,9,10
3,16,5,14,8,11,9,10
1,18,3,16,5,14,8,11,9,10
2,17,3,16,5,14,8,11,9,10
4,15,5,14,8,11,9,10
2,17,4,15,5,14,8,11,9,10
3,16,4,15,5,14,8,11,9,10
2,17,3,16,4,15,5,14,8,11,9,10
1,18,6,13,8,11,9,10
2,17,6,13,8,11,9,10
3,16,6,13,8,11,9,10
1,18,3,16,6,13,8,11,9,10
2,17,3,16,6,13,8,11,9,10
4,15,6,13,8,11,9,10
1,18,4,15,6,13,8,11,9,10
3,16,4,15,6,13,8,11,9,10
1,18,3,16,4,15,6,13,8,11,9,10
1,18,5,14,6,13,8,11,9,10
2,17,5,14,6,13,8,11,9,10
4,15,5,14,6,13,8,11,9,10
1,18,7,12,8,11,9,10
2,17,7,12,8,11,9,10
3,16,7,12,8,11,9,10
1,18,3,16,7,12,8,11,9,10
2,17,3,16,7,12,8,11,9,10
4,15,7,12,8,11,9,10
1,18,4,15,7,12,8,11,9,10
2,17,4,15,7,12,8,11,9,10
1,18,5,14,7,12,8,11,9,10
3,16,5,14,7,12,8,11,9,10
1,18,3,16,5,14,7,12,8,11,9,10
4,15,5,14,7,12,8,11,9,10
1,18,6,13,7,12,8,11,9,10
2,17,6,13,7,12,8,11,9,10
4,15,6,13,7,12,8,11,9,10
1,18,4,15,6,13,7,12,8,11,9,10
4,15,5,14,6,13,7,12,8,11,9,10
