2,29,4,27,5,26,6,25,7,24,9,22
2,29,3,28,5,26,6,25,8,23,9,22
2,29,3,28,5,26,6,25,7,24,8,23,9,22
1,30,4,27,5,26,6,25,7,24,8,23,9,22
2,29,3,28,4,27,6,25,7,24,9,22,10,21
2,29,4,27,5,26,6,25,7,24,9,22,10,21
1,30,3,28,4,27,7,24,8,23,9,22,10,21
1,30,4,27,5,26,6,25,7,24,11,20
1,30,3,28,4,27,5,26,6,25,7,24,11,20
1,30,4,27,5,26,6,25,7,24,8,23,11,20
1,30,3,28,4,27,5,26,6,25,9,22,11,20
1,30,4,27,5,26,6,25,7,24,9,22,11,20
1,30,3,28,4,27,5,26,6,25,7,24,9,22,11,20
1,30,2,29,3,28,7,24,8,23,9,22,11,20
2,29,3,28,5,26,7,24,8,23,9,22,11,20
1,30,2,29,3,28,5,26,7,24,8,23,9,22,11,20
1,30,4,27,5,26,6,25,7,24,8,23,9,22,11,20
2,29,4,27,6,25,7,24,9,22,10,21,11,20
2,29,3,28,4,27,6,25,7,24,9,22,10,21,11,20
2,29,4,27,5,26,6,25,7,24,9,22,12,19
1,30,4,27,5,26,6,25,7,24,8,23,9,22,12,19
1,30,3,28,4,27,5,26,9,22,10,21,12,19
1,30,3,28,4,27,7,24,9,22,10,21,12,19
1,30,3,28,4,27,5,26,7,24,9,22,10,21,12,19
2,29,4,27,5,26,6,25,7,24,9,22,10,21,12,19
1,30,3,28,4,27,7,24,8,23,9,22,10,21,12,19
1,30,2,29,3,28,5,26,8,23,11,20,12,19
1,30,5,26,7,24,8,23,11,20,12,19
1,30,2,29,5,26,7,24,8,23,11,20,12,19
1,30,3,28,5,26,7,24,8,23,11,20,12,19
2,29,3,28,5,26,7,24,8,23,11,20,12,19
1,30,2,29,3,28,5,26,7,24,8,23,11,20,12,19
2,29,4,27,5,26,7,24,8,23,11,20,12,19
2,29,3,28,4,27,5,26,7,24,8,23,11,20,12,19
2,29,3,28,8,23,9,22,11,20,12,19
2,29,3,28,4,27,8,23,9,22,11,20,12,19
2,29,3,28,5,26,8,23,9,22,11,20,12,19
2,29,3,28,4,27,5,26,8,23,9,22,11,20,12,19
2,29,3,28,7,24,8,23,9,22,11,20,12,19
2,29,3,28,4,27,7,24,8,23,9,22,11,20,12,19
2,29,3,28,5,26,7,24,8,23,9,22,11,20,12,19
1,30,2,29,3,28,5,26,10,21,11,20,12,19
1,30,2,29,3,28,5,26,8,23,10,21,11,20,12,19
1,30,5,26,7,24,8,23,10,21,11,20,12,19
1,30,2,29,5,26,7,24,8,23,10,21,11,20,12,19
1,30,3,28,5,26,7,24,8,23,10,21,11,20,12,19
1,30,4,27,5,26,6,25,7,24,8,23,13,18
2,29,3,28,5,26,6,25,8,23,9,22,13,18
2,29,3,28,5,26,6,25,7,24,8,23,9,22,13,18
1,30,2,29,6,25,7,24,8,23,10,21,13,18
1,30,3,28,6,25,7,24,8,23,10,21,13,18
1,30,2,29,3,28,6,25,7,24,8,23,10,21,13,18
1,30,3,28,7,24,8,23,9,22,10,21,13,18
1,30,3,28,4,27,7,24,8,23,9,22,10,21,13,18
1,30,3,28,6,25,7,24,8,23,9,22,10,21,13,18
1,30,3,28,4,27,6,25,7,24,11,20,13,18
2,29,3,28,4,27,6,25,7,24,11,20,13,18
1,30,4,27,5,26,6,25,7,24,11,20,13,18
1,30,3,28,4,27,5,26,6,25,7,24,11,20,13,18
1,30,4,27,5,26,6,25,7,24,8,23,11,20,13,18
1,30,3,28,4,27,6,25,7,24,9,22,11,20,13,18
2,29,6,25,7,24,8,23,10,21,11,20,13,18
1,30,2,29,6,25,7,24,8,23,10,21,11,20,13,18
1,30,3,28,4,27,5,26,8,23,12,19,13,18
1,30,3,28,5,26,6,25,8,23,12,19,13,18
1,30,3,28,4,27,5,26,6,25,8,23,12,19,13,18
1,30,2,29,4,27,6,25,10,21,12,19,13,18
1,30,4,27,6,25,9,22,10,21,12,19,13,18
1,30,2,29,4,27,6,25,9,22,10,21,12,19,13,18
2,29,3,28,8,23,9,22,10,21,12,19,13,18
2,29,3,28,4,27,8,23,9,22,10,21,12,19,13,18
2,29,6,25,8,23,9,22,10,21,12,19,13,18
1,30,2,29,3,28,11,20,12,19,13,18
1,30,2,29,3,28,5,26,11,20,12,19,13,18
1,30,2,29,3,28,6,25,11,20,12,19,13,18
1,30,2,29,3,28,5,26,6,25,11,20,12,19,13,18
1,30,2,29,3,28,8,23,11,20,12,19,13,18
1,30,3,28,5,26,8,23,11,20,12,19,13,18
1,30,2,29,3,28,5,26,8,23,11,20,12,19,13,18
1,30,3,28,4,27,5,26,8,23,11,20,12,19,13,18
1,30,2,29,3,28,6,25,8,23,11,20,12,19,13,18
1,30,3,28,5,26,6,25,8,23,11,20,12,19,13,18
1,30,3,28,4,27,5,26,6,25,8,23,11,20,12,19,13,18
2,29,5,26,7,24,8,23,11,20,12,19,13,18
2,29,3,28,5,26,7,24,8,23,11,20,12,19,13,18
2,29,4,27,5,26,7,24,8,23,11,20,12,19,13,18
2,29,3,28,4,27,5,26,7,24,8,23,11,20,12,19,13,18
1,30,5,26,6,25,8,23,9,22,14,17
1,30,2,29,5,26,6,25,8,23,9,22,14,17
1,30,4,27,5,26,6,25,8,23,9,22,14,17
1,30,5,26,6,25,7,24,8,23,9,22,14,17
1,30,4,27,5,26,6,25,7,24,8,23,9,22,14,17
1,30,2,29,6,25,8,23,9,22,10,21,14,17
1,30,2,29,3,28,6,25,8,23,9,22,10,21,14,17
1,30,5,26,6,25,8,23,9,22,10,21,14,17
1,30,2,29,5,26,6,25,8,23,9,22,10,21,14,17
1,30,5,26,7,24,8,23,9,22,10,21,14,17
1,30,5,26,6,25,7,24,8,23,9,22,10,21,14,17
1,30,4,27,5,26,6,25,7,24,11,20,14,17
1,30,5,26,6,25,7,24,8,23,11,20,14,17
1,30,4,27,5,26,6,25,7,24,8,23,11,20,14,17
1,30,4,27,5,26,6,25,9,22,11,20,14,17
1,30,2,29,4,27,5,26,6,25,9,22,11,20,14,17
1,30,4,27,5,26,6,25,7,24,9,22,11,20,14,17
1,30,2,29,6,25,8,23,9,22,11,20,14,17
1,30,5,26,6,25,8,23,9,22,11,20,14,17
1,30,2,29,5,26,6,25,8,23,9,22,11,20,14,17
1,30,4,27,5,26,6,25,8,23,9,22,11,20,14,17
2,29,3,28,7,24,8,23,9,22,11,20,14,17
1,30,2,29,3,28,7,24,8,23,9,22,11,20,14,17
2,29,3,28,5,26,7,24,8,23,9,22,11,20,14,17
1,30,2,29,3,28,5,26,7,24,8,23,9,22,11,20,14,17
1,30,5,26,6,25,7,24,8,23,9,22,11,20,14,17
1,30,4,27,5,26,6,25,7,24,8,23,9,22,11,20,14,17
1,30,4,27,6,25,10,21,11,20,14,17
1,30,2,29,4,27,6,25,10,21,11,20,14,17
1,30,5,26,6,25,7,24,8,23,10,21,11,20,14,17
1,30,5,26,6,25,8,23,9,22,12,19,14,17
2,29,5,26,6,25,8,23,9,22,12,19,14,17
1,30,2,29,5,26,6,25,8,23,9,22,12,19,14,17
4,27,5,26,6,25,8,23,9,22,12,19,14,17
1,30,4,27,5,26,6,25,8,23,9,22,12,19,14,17
1,30,2,29,3,28,9,22,10,21,12,19,14,17
2,29,8,23,9,22,10,21,12,19,14,17
1,30,2,29,8,23,9,22,10,21,12,19,14,17
2,29,3,28,8,23,9,22,10,21,12,19,14,17
1,30,2,29,3,28,8,23,9,22,10,21,12,19,14,17
1,30,5,26,8,23,9,22,10,21,12,19,14,17
2,29,5,26,8,23,9,22,10,21,12,19,14,17
1,30,2,29,5,26,8,23,9,22,10,21,12,19,14,17
2,29,6,25,8,23,9,22,10,21,12,19,14,17
1,30,2,29,6,25,8,23,9,22,10,21,12,19,14,17
1,30,5,26,6,25,8,23,9,22,10,21,12,19,14,17
2,29,5,26,6,25,8,23,9,22,10,21,12,19,14,17
1,30,2,29,5,26,6,25,8,23,9,22,10,21,12,19,14,17
1,30,2,29,3,28,5,26,11,20,12,19,14,17
1,30,2,29,3,28,5,26,8,23,11,20,12,19,14,17
1,30,2,29,3,28,5,26,10,21,11,20,12,19,14,17
1,30,4,27,6,25,10,21,11,20,12,19,14,17
1,30,2,29,4,27,6,25,10,21,11,20,12,19,14,17
1,30,4,27,7,24,10,21,11,20,12,19,14,17
1,30,2,29,3,28,5,26,8,23,10,21,11,20,12,19,14,17
1,30,3,28,4,27,11,20,13,18,14,17
1,30,3,28,4,27,8,23,11,20,13,18,14,17
2,29,6,25,7,24,8,23,11,20,13,18,14,17
1,30,3,28,4,27,9,22,11,20,13,18,14,17
1,30,3,28,4,27,8,23,9,22,11,20,13,18,14,17
1,30,4,27,6,25,10,21,11,20,13,18,14,17
1,30,2,29,4,27,6,25,10,21,11,20,13,18,14,17
1,30,3,28,8,23,10,21,11,20,13,18,14,17
2,29,6,25,7,24,8,23,10,21,11,20,13,18,14,17
1,30,5,26,8,23,12,19,13,18,14,17
1,30,3,28,5,26,8,23,12,19,13,18,14,17
2,29,5,26,6,25,8,23,9,22,12,19,13,18,14,17
1,30,4,27,6,25,10,21,12,19,13,18,14,17
1,30,2,29,4,27,6,25,10,21,12,19,13,18,14,17
4,27,8,23,10,21,12,19,13,18,14,17
1,30,4,27,8,23,10,21,12,19,13,18,14,17
4,27,7,24,8,23,10,21,12,19,13,18,14,17
1,30,4,27,7,24,8,23,10,21,12,19,13,18,14,17
1,30,4,27,6,25,9,22,10,21,12,19,13,18,14,17
1,30,2,29,4,27,6,25,9,22,10,21,12,19,13,18,14,17
2,29,8,23,9,22,10,21,12,19,13,18,14,17
2,29,3,28,8,23,9,22,10,21,12,19,13,18,14,17
2,29,6,25,8,23,9,22,10,21,12,19,13,18,14,17
1,30,3,28,4,27,11,20,12,19,13,18,14,17
1,30,3,28,8,23,11,20,12,19,13,18,14,17
1,30,4,27,8,23,11,20,12,19,13,18,14,17
1,30,3,28,4,27,8,23,11,20,12,19,13,18,14,17
1,30,5,26,8,23,11,20,12,19,13,18,14,17
1,30,3,28,5,26,8,23,11,20,12,19,13,18,14,17
4,27,6,25,8,23,11,20,12,19,13,18,14,17
1,30,4,27,6,25,8,23,11,20,12,19,13,18,14,17
1,30,3,28,4,27,9,22,11,20,12,19,13,18,14,17
4,27,8,23,9,22,11,20,12,19,13,18,14,17
1,30,4,27,8,23,9,22,11,20,12,19,13,18,14,17
4,27,6,25,8,23,9,22,11,20,12,19,13,18,14,17
1,30,4,27,6,25,8,23,9,22,11,20,12,19,13,18,14,17
1,30,4,27,10,21,11,20,12,19,13,18,14,17
1,30,4,27,6,25,10,21,11,20,12,19,13,18,14,17
1,30,4,27,7,24,10,21,11,20,12,19,13,18,14,17
1,30,3,28,8,23,10,21,11,20,12,19,13,18,14,17
4,27,8,23,10,21,11,20,12,19,13,18,14,17
1,30,4,27,8,23,10,21,11,20,12,19,13,18,14,17
4,27,7,24,8,23,10,21,11,20,12,19,13,18,14,17
1,30,2,29,3,28,5,26,6,25,9,22,15,16
2,29,3,28,5,26,6,25,7,24,9,22,15,16
1,30,2,29,3,28,5,26,6,25,7,24,9,22,15,16
2,29,4,27,5,26,6,25,7,24,9,22,15,16
2,29,3,28,5,26,6,25,8,23,9,22,15,16
2,29,3,28,5,26,7,24,8,23,9,22,15,16
2,29,3,28,5,26,6,25,7,24,8,23,9,22,15,16
2,29,3,28,5,26,7,24,10,21,15,16
1,30,2,29,3,28,5,26,7,24,10,21,15,16
2,29,3,28,5,26,6,25,7,24,10,21,15,16
1,30,2,29,3,28,5,26,6,25,7,24,10,21,15,16
2,29,5,26,6,25,7,24,8,23,10,21,15,16
2,29,3,28,5,26,7,24,9,22,10,21,15,16
1,30,2,29,3,28,5,26,7,24,9,22,10,21,15,16
2,29,4,27,6,25,7,24,9,22,10,21,15,16
2,29,3,28,4,27,6,25,7,24,9,22,10,21,15,16
2,29,5,26,6,25,7,24,9,22,10,21,15,16
2,29,3,28,5,26,6,25,7,24,9,22,10,21,15,16
2,29,4,27,5,26,6,25,7,24,9,22,10,21,15,16
2,29,5,26,6,25,7,24,8,23,9,22,10,21,15,16
1,30,3,28,4,27,5,26,7,24,11,20,15,16
1,30,4,27,5,26,6,25,7,24,11,20,15,16
1,30,3,28,4,27,5,26,6,25,7,24,11,20,15,16
3,28,5,26,7,24,8,23,11,20,15,16
2,29,3,28,5,26,7,24,8,23,11,20,15,16
2,29,3,28,5,26,6,25,9,22,11,20,15,16
1,30,2,29,3,28,5,26,6,25,9,22,11,20,15,16
2,29,3,28,5,26,6,25,7,24,9,22,11,20,15,16
1,30,2,29,3,28,5,26,6,25,7,24,9,22,11,20,15,16
3,28,5,26,7,24,8,23,9,22,11,20,15,16
2,29,3,28,5,26,7,24,8,23,9,22,11,20,15,16
1,30,3,28,4,27,7,24,10,21,11,20,15,16
2,29,4,27,6,25,7,24,9,22,10,21,11,20,15,16
2,29,3,28,4,27,6,25,7,24,9,22,10,21,11,20,15,16
1,30,3,28,4,27,5,26,9,22,12,19,15,16
2,29,4,27,5,26,6,25,7,24,9,22,12,19,15,16
3,28,5,26,7,24,8,23,9,22,12,19,15,16
2,29,3,28,5,26,7,24,8,23,9,22,12,19,15,16
2,29,5,26,6,25,7,24,10,21,12,19,15,16
2,29,5,26,6,25,7,24,8,23,10,21,12,19,15,16
1,30,3,28,4,27,5,26,9,22,10,21,12,19,15,16
2,29,5,26,6,25,7,24,9,22,10,21,12,19,15,16
2,29,5,26,6,25,7,24,8,23,9,22,10,21,12,19,15,16
4,27,6,25,7,24,9,22,13,18,15,16
2,29,3,28,5,26,6,25,8,23,9,22,13,18,15,16
3,28,5,26,7,24,8,23,9,22,13,18,15,16
2,29,3,28,5,26,7,24,8,23,9,22,13,18,15,16
4,27,6,25,7,24,8,23,9,22,13,18,15,16
4,27,6,25,7,24,9,22,10,21,13,18,15,16
4,27,6,25,7,24,8,23,9,22,10,21,13,18,15,16
3,28,4,27,7,24,11,20,13,18,15,16
1,30,3,28,4,27,7,24,11,20,13,18,15,16
2,29,3,28,4,27,7,24,11,20,13,18,15,16
3,28,4,27,5,26,7,24,11,20,13,18,15,16
1,30,3,28,4,27,5,26,7,24,11,20,13,18,15,16
3,28,4,27,6,25,7,24,11,20,13,18,15,16
1,30,3,28,4,27,6,25,7,24,11,20,13,18,15,16
2,29,3,28,4,27,6,25,7,24,11,20,13,18,15,16
4,27,5,26,6,25,7,24,11,20,13,18,15,16
1,30,4,27,5,26,6,25,7,24,11,20,13,18,15,16
3,28,4,27,5,26,6,25,7,24,11,20,13,18,15,16
1,30,3,28,4,27,5,26,6,25,7,24,11,20,13,18,15,16
4,27,5,26,6,25,7,24,8,23,11,20,13,18,15,16
2,29,3,28,7,24,10,21,11,20,13,18,15,16
1,30,2,29,3,28,7,24,10,21,11,20,13,18,15,16
3,28,4,27,7,24,10,21,11,20,13,18,15,16
1,30,3,28,4,27,7,24,10,21,11,20,13,18,15,16
2,29,3,28,4,27,7,24,10,21,11,20,13,18,15,16
2,29,3,28,4,27,9,22,12,19,13,18,15,16
3,28,5,26,7,24,8,23,9,22,12,19,13,18,15,16
2,29,3,28,5,26,7,24,8,23,9,22,12,19,13,18,15,16
2,29,3,28,10,21,12,19,13,18,15,16
2,29,3,28,4,27,10,21,12,19,13,18,15,16
4,27,6,25,10,21,12,19,13,18,15,16
1,30,4,27,6,25,10,21,12,19,13,18,15,16
4,27,5,26,6,25,10,21,12,19,13,18,15,16
1,30,4,27,5,26,6,25,10,21,12,19,13,18,15,16
2,29,3,28,7,24,10,21,12,19,13,18,15,16
3,28,4,27,7,24,10,21,12,19,13,18,15,16
2,29,3,28,4,27,7,24,10,21,12,19,13,18,15,16
3,28,4,27,5,26,7,24,10,21,12,19,13,18,15,16
2,29,3,28,8,23,10,21,12,19,13,18,15,16
3,28,7,24,8,23,10,21,12,19,13,18,15,16
2,29,3,28,7,24,8,23,10,21,12,19,13,18,15,16
2,29,3,28,9,22,10,21,12,19,13,18,15,16
2,29,3,28,4,27,9,22,10,21,12,19,13,18,15,16
2,29,3,28,8,23,9,22,10,21,12,19,13,18,15,16
2,29,3,28,4,27,11,20,12,19,13,18,15,16
2,29,3,28,4,27,6,25,11,20,12,19,13,18,15,16
3,28,4,27,7,24,11,20,12,19,13,18,15,16
2,29,3,28,4,27,7,24,11,20,12,19,13,18,15,16
4,27,5,26,7,24,11,20,12,19,13,18,15,16
3,28,4,27,5,26,7,24,11,20,12,19,13,18,15,16
2,29,3,28,10,21,11,20,12,19,13,18,15,16
2,29,3,28,4,27,10,21,11,20,12,19,13,18,15,16
2,29,3,28,7,24,10,21,11,20,12,19,13,18,15,16
3,28,4,27,7,24,10,21,11,20,12,19,13,18,15,16
2,29,3,28,4,27,7,24,10,21,11,20,12,19,13,18,15,16
1,30,6,25,9,22,10,21,14,17,15,16
1,30,3,28,6,25,9,22,10,21,14,17,15,16
1,30,4,27,6,25,9,22,10,21,14,17,15,16
1,30,3,28,4,27,6,25,9,22,10,21,14,17,15,16
2,29,7,24,9,22,10,21,14,17,15,16
2,29,4,27,7,24,9,22,10,21,14,17,15,16
4,27,5,26,7,24,9,22,10,21,14,17,15,16
2,29,6,25,7,24,9,22,10,21,14,17,15,16
4,27,6,25,7,24,9,22,10,21,14,17,15,16
2,29,4,27,6,25,7,24,9,22,10,21,14,17,15,16
4,27,5,26,6,25,7,24,9,22,10,21,14,17,15,16
4,27,7,24,8,23,9,22,10,21,14,17,15,16
4,27,5,26,7,24,8,23,9,22,10,21,14,17,15,16
4,27,6,25,7,24,8,23,9,22,10,21,14,17,15,16
4,27,5,26,6,25,7,24,8,23,9,22,10,21,14,17,15,16
1,30,3,28,4,27,5,26,7,24,11,20,14,17,15,16
1,30,5,26,6,25,7,24,11,20,14,17,15,16
1,30,4,27,5,26,6,25,7,24,11,20,14,17,15,16
3,28,5,26,7,24,8,23,11,20,14,17,15,16
2,29,3,28,5,26,7,24,8,23,11,20,14,17,15,16
3,28,5,26,7,24,8,23,9,22,11,20,14,17,15,16
2,29,7,24,9,22,10,21,11,20,14,17,15,16
2,29,4,27,7,24,9,22,10,21,11,20,14,17,15,16
2,29,6,25,7,24,9,22,10,21,11,20,14,17,15,16
3,28,4,27,5,26,9,22,12,19,14,17,15,16
1,30,3,28,4,27,5,26,9,22,12,19,14,17,15,16
2,29,5,26,8,23,10,21,12,19,14,17,15,16
2,29,3,28,9,22,10,21,12,19,14,17,15,16
2,29,8,23,9,22,10,21,12,19,14,17,15,16
2,29,3,28,8,23,9,22,10,21,12,19,14,17,15,16
1,30,5,26,8,23,9,22,10,21,12,19,14,17,15,16
2,29,5,26,8,23,9,22,10,21,12,19,14,17,15,16
2,29,4,27,5,26,11,20,12,19,14,17,15,16
2,29,5,26,6,25,11,20,12,19,14,17,15,16
2,29,4,27,5,26,6,25,11,20,12,19,14,17,15,16
4,27,5,26,9,22,11,20,12,19,14,17,15,16
2,29,4,27,5,26,9,22,11,20,12,19,14,17,15,16
3,28,4,27,5,26,9,22,11,20,12,19,14,17,15,16
1,30,4,27,10,21,11,20,12,19,14,17,15,16
1,30,4,27,7,24,10,21,11,20,12,19,14,17,15,16
2,29,3,28,9,22,10,21,11,20,12,19,14,17,15,16
2,29,4,27,6,25,9,22,13,18,14,17,15,16
3,28,4,27,6,25,9,22,13,18,14,17,15,16
2,29,3,28,4,27,6,25,9,22,13,18,14,17,15,16
4,27,6,25,7,24,9,22,13,18,14,17,15,16
4,27,6,25,7,24,8,23,9,22,13,18,14,17,15,16
1,30,4,27,6,25,10,21,13,18,14,17,15,16
1,30,5,26,6,25,10,21,13,18,14,17,15,16
1,30,4,27,5,26,6,25,10,21,13,18,14,17,15,16
1,30,6,25,7,24,10,21,13,18,14,17,15,16
1,30,4,27,6,25,7,24,10,21,13,18,14,17,15,16
1,30,5,26,6,25,7,24,10,21,13,18,14,17,15,16
1,30,4,27,5,26,6,25,7,24,10,21,13,18,14,17,15,16
1,30,6,25,9,22,10,21,13,18,14,17,15,16
1,30,3,28,6,25,9,22,10,21,13,18,14,17,15,16
4,27,6,25,9,22,10,21,13,18,14,17,15,16
1,30,4,27,6,25,9,22,10,21,13,18,14,17,15,16
2,29,4,27,6,25,9,22,10,21,13,18,14,17,15,16
3,28,4,27,6,25,9,22,10,21,13,18,14,17,15,16
2,29,3,28,4,27,6,25,9,22,10,21,13,18,14,17,15,16
4,27,6,25,7,24,9,22,10,21,13,18,14,17,15,16
2,29,5,26,6,25,11,20,13,18,14,17,15,16
1,30,3,28,8,23,11,20,13,18,14,17,15,16
2,29,6,25,8,23,11,20,13,18,14,17,15,16
2,29,5,26,6,25,8,23,11,20,13,18,14,17,15,16
2,29,6,25,7,24,8,23,11,20,13,18,14,17,15,16
2,29,3,28,10,21,11,20,13,18,14,17,15,16
1,30,3,28,8,23,10,21,11,20,13,18,14,17,15,16
1,30,5,26,8,23,12,19,13,18,14,17,15,16
1,30,3,28,5,26,8,23,12,19,13,18,14,17,15,16
2,29,3,28,10,21,12,19,13,18,14,17,15,16
4,27,6,25,10,21,12,19,13,18,14,17,15,16
1,30,4,27,6,25,10,21,12,19,13,18,14,17,15,16
4,27,5,26,6,25,10,21,12,19,13,18,14,17,15,16
2,29,8,23,10,21,12,19,13,18,14,17,15,16
2,29,3,28,8,23,10,21,12,19,13,18,14,17,15,16
2,29,7,24,8,23,10,21,12,19,13,18,14,17,15,16
2,29,3,28,9,22,10,21,12,19,13,18,14,17,15,16
2,29,8,23,9,22,10,21,12,19,13,18,14,17,15,16
2,29,3,28,8,23,9,22,10,21,12,19,13,18,14,17,15,16
2,29,5,26,6,25,11,20,12,19,13,18,14,17,15,16
1,30,3,28,8,23,11,20,12,19,13,18,14,17,15,16
1,30,5,26,8,23,11,20,12,19,13,18,14,17,15,16
2,29,3,28,10,21,11,20,12,19,13,18,14,17,15,16
1,30,4,27,10,21,11,20,12,19,13,18,14,17,15,16
1,30,4,27,7,24,10,21,11,20,12,19,13,18,14,17,15,16
1,30,3,28,8,23,10,21,11,20,12,19,13,18,14,17,15,16
