1,20,2,19,3,18,5,16
1,20,3,18,4,17,5,16
2,19,3,18,4,17,6,15
2,19,3,18,5,16,6,15
1,20,2,19,3,18,5,16,6,15
1,20,4,17,5,16,6,15
2,19,4,17,5,16,6,15
1,20,2,19,4,17,5,16,6,15
1,20,3,18,4,17,5,16,6,15
2,19,3,18,4,17,5,16,6,15
1,20,3,18,4,17,7,14
2,19,3,18,5,16,7,14
1,20,2,19,3,18,5,16,7,14
1,20,3,18,4,17,5,16,7,14
2,19,3,18,4,17,5,16,7,14
1,20,3,18,4,17,6,15,7,14
2,19,3,18,4,17,6,15,7,14
1,20,5,16,6,15,7,14
1,20,2,19,5,16,6,15,7,14
1,20,3,18,5,16,6,15,7,14
2,19,3,18,5,16,6,15,7,14
1,20,2,19,3,18,5,16,6,15,7,14
1,20,4,17,5,16,6,15,7,14
2,19,4,17,5,16,6,15,7,14
1,20,3,18,4,17,5,16,6,15,7,14
2,19,3,18,4,17,5,16,6,15,7,14
1,20,2,19,3,18,8,13
1,20,3,18,5,16,8,13
2,19,3,18,5,16,8,13
1,20,2,19,3,18,5,16,8,13
1,20,3,18,4,17,5,16,8,13
2,19,3,18,4,17,5,16,8,13
1,20,2,19,3,18,6,15,8,13
1,20,3,18,5,16,6,15,8,13
2,19,3,18,5,16,6,15,8,13
1,20,4,17,5,16,6,15,8,13
1,20,3,18,4,17,5,16,6,15,8,13
1,20,2,19,3,18,7,14,8,13
1,20,3,18,4,17,7,14,8,13
1,20,3,18,5,16,7,14,8,13
2,19,3,18,5,16,7,14,8,13
1,20,2,19,3,18,5,16,7,14,8,13
2,19,3,18,4,17,5,16,7,14,8,13
2,19,6,15,7,14,8,13
2,19,3,18,6,15,7,14,8,13
2,19,5,16,6,15,7,14,8,13
2,19,3,18,5,16,6,15,7,14,8,13
1,20,2,19,3,18,9,12
1,20,2,19,3,18,5,16,9,12
1,20,4,17,5,16,9,12
1,20,2,19,4,17,5,16,9,12
1,20,3,18,4,17,5,16,9,12
1,20,4,17,5,16,6,15,9,12
2,19,4,17,5,16,6,15,9,12
1,20,2,19,4,17,5,16,6,15,9,12
1,20,2,19,3,18,7,14,9,12
1,20,3,18,4,17,7,14,9,12
4,17,5,16,7,14,9,12
1,20,4,17,5,16,7,14,9,12
3,18,4,17,5,16,7,14,9,12
1,20,3,18,4,17,5,16,7,14,9,12
1,20,5,16,6,15,7,14,9,12
4,17,5,16,6,15,7,14,9,12
1,20,4,17,5,16,6,15,7,14,9,12
1,20,3,18,8,13,9,12
1,20,2,19,3,18,8,13,9,12
1,20,4,17,8,13,9,12
1,20,2,19,4,17,8,13,9,12
1,20,3,18,4,17,8,13,9,12
3,18,5,16,8,13,9,12
1,20,3,18,5,16,8,13,9,12
2,19,3,18,5,16,8,13,9,12
1,20,2,19,3,18,5,16,8,13,9,12
4,17,6,15,8,13,9,12
1,20,4,17,6,15,8,13,9,12
1,20,7,14,8,13,9,12
1,20,2,19,7,14,8,13,9,12
1,20,3,18,7,14,8,13,9,12
1,20,2,19,3,18,7,14,8,13,9,12
1,20,4,17,7,14,8,13,9,12
1,20,2,19,4,17,7,14,8,13,9,12
1,20,3,18,4,17,7,14,8,13,9,12
1,20,5,16,7,14,8,13,9,12
3,18,5,16,7,14,8,13,9,12
1,20,3,18,5,16,7,14,8,13,9,12
2,19,6,15,7,14,8,13,9,12
4,17,6,15,7,14,8,13,9,12
1,20,2,19,3,18,5,16,10,11
1,20,3,18,4,17,5,16,10,11
2,19,4,17,6,15,10,11
1,20,2,19,4,17,6,15,10,11
2,19,3,18,4,17,6,15,10,11
2,19,5,16,6,15,10,11
3,18,5,16,6,15,10,11
2,19,3,18,5,16,6,15,10,11
4,17,5,16,6,15,10,11
2,19,4,17,5,16,6,15,10,11
3,18,4,17,5,16,6,15,10,11
2,19,3,18,4,17,5,16,6,15,10,11
2,19,3,18,5,16,7,14,10,11
1,20,2,19,3,18,5,16,7,14,10,11
4,17,6,15,7,14,10,11
1,20,4,17,6,15,7,14,10,11
2,19,4,17,6,15,7,14,10,11
1,20,2,19,4,17,6,15,7,14,10,11
2,19,5,16,6,15,7,14,10,11
3,18,5,16,6,15,7,14,10,11
2,19,3,18,5,16,6,15,7,14,10,11
4,17,5,16,6,15,7,14,10,11
2,19,4,17,5,16,6,15,7,14,10,11
2,19,3,18,8,13,10,11
1,20,2,19,3,18,8,13,10,11
2,19,3,18,4,17,8,13,10,11
2,19,6,15,8,13,10,11
1,20,2,19,6,15,8,13,10,11
2,19,3,18,6,15,8,13,10,11
1,20,2,19,3,18,6,15,8,13,10,11
2,19,5,16,6,15,8,13,10,11
4,17,5,16,6,15,8,13,10,11
3,18,7,14,8,13,10,11
1,20,3,18,7,14,8,13,10,11
2,19,3,18,7,14,8,13,10,11
2,19,6,15,7,14,8,13,10,11
3,18,6,15,7,14,8,13,10,11
2,19,3,18,6,15,7,14,8,13,10,11
4,17,6,15,7,14,8,13,10,11
4,17,5,16,6,15,7,14,8,13,10,11
1,20,4,17,9,12,10,11
1,20,3,18,4,17,9,12,10,11
1,20,4,17,5,16,9,12,10,11
1,20,3,18,4,17,5,16,9,12,10,11
1,20,6,15,9,12,10,11
4,17,6,15,9,12,10,11
1,20,4,17,6,15,9,12,10,11
2,19,4,17,6,15,9,12,10,11
2,19,5,16,6,15,9,12,10,11
4,17,5,16,6,15,9,12,10,11
2,19,7,14,9,12,10,11
2,19,3,18,7,14,9,12,10,11
1,20,4,17,7,14,9,12,10,11
2,19,4,17,7,14,9,12,10,11
4,17,5,16,7,14,9,12,10,11
1,20,6,15,7,14,9,12,10,11
2,19,6,15,7,14,9,12,10,11
4,17,6,15,7,14,9,12,10,11
1,20,4,17,6,15,7,14,9,12,10,11
2,19,4,17,6,15,7,14,9,12,10,11
4,17,5,16,6,15,7,14,9,12,10,11
1,20,8,13,9,12,10,11
2,19,8,13,9,12,10,11
1,20,3,18,8,13,9,12,10,11
2,19,3,18,8,13,9,12,10,11
4,17,8,13,9,12,10,11
1,20,4,17,8,13,9,12,10,11
2,19,4,17,8,13,9,12,10,11
3,18,4,17,8,13,9,12,10,11
2,19,3,18,4,17,8,13,9,12,10,11
1,20,5,16,8,13,9,12,10,11
2,19,5,16,8,13,9,12,10,11
1,20,6,15,8,13,9,12,10,11
2,19,6,15,8,13,9,12,10,11
4,17,6,15,8,13,9,12,10,11
1,20,4,17,6,15,8,13,9,12,10,11
2,19,5,16,6,15,8,13,9,12,10,11
1,20,7,14,8,13,9,12,10,11
2,19,7,14,8,13,9,12,10,11
3,18,7,14,8,13,9,12,10,11
1,20,3,18,7,14,8,13,9,12,10,11
2,19,3,18,7,14,8,13,9,12,10,11
4,17,7,14,8,13,9,12,10,11
1,20,4,17,7,14,8,13,9,12,10,11
1,20,5,16,7,14,8,13,9,12,10,11
2,19,6,15,7,14,8,13,9,12,10,11
4,17,6,15,7,14,8,13,9,12,10,11
