1,16,2,15,3,14
1,16,3,14,4,13
2,15,3,14,5,12
1,16,2,15,3,14,5,12
1,16,4,13,5,12
2,15,4,13,5,12
1,16,2,15,4,13,5,12
1,16,3,14,4,13,5,12
2,15,3,14,4,13,5,12
1,16,2,15,6,11
1,16,3,14,6,11
1,16,2,15,3,14,6,11
2,15,4,13,6,11
1,16,2,15,4,13,6,11
1,16,3,14,4,13,6,11
2,15,3,14,4,13,6,11
1,16,5,12,6,11
2,15,5,12,6,11
1,16,2,15,5,12,6,11
1,16,3,14,5,12,6,11
2,15,3,14,5,12,6,11
1,16,2,15,3,14,5,12,6,11
1,16,4,13,5,12,6,11
2,15,4,13,5,12,6,11
1,16,2,15,4,13,5,12,6,11
1,16,3,14,4,13,5,12,6,11
2,15,3,14,4,13,5,12,6,11
1,16,2,15,3,14,7,10
3,14,4,13,7,10
1,16,3,14,4,13,7,10
2,15,3,14,4,13,7,10
2,15,5,12,7,10
1,16,2,15,5,12,7,10
4,13,5,12,7,10
1,16,4,13,5,12,7,10
2,15,4,13,5,12,7,10
1,16,2,15,4,13,5,12,7,10
3,14,4,13,5,12,7,10
1,16,3,14,4,13,5,12,7,10
1,16,6,11,7,10
1,16,2,15,6,11,7,10
1,16,3,14,6,11,7,10
1,16,2,15,3,14,6,11,7,10
4,13,6,11,7,10
1,16,4,13,6,11,7,10
2,15,4,13,6,11,7,10
1,16,2,15,4,13,6,11,7,10
2,15,5,12,6,11,7,10
3,14,5,12,6,11,7,10
4,13,5,12,6,11,7,10
2,15,4,13,5,12,6,11,7,10
1,16,3,14,8,9
1,16,2,15,3,14,8,9
1,16,2,15,4,13,8,9
1,16,3,14,4,13,8,9
3,14,5,12,8,9
1,16,3,14,5,12,8,9
2,15,3,14,5,12,8,9
1,16,2,15,3,14,5,12,8,9
4,13,5,12,8,9
2,15,4,13,5,12,8,9
3,14,4,13,5,12,8,9
2,15,3,14,4,13,5,12,8,9
2,15,6,11,8,9
1,16,2,15,6,11,8,9
3,14,6,11,8,9
1,16,3,14,6,11,8,9
2,15,3,14,6,11,8,9
1,16,2,15,3,14,6,11,8,9
3,14,4,13,6,11,8,9
1,16,3,14,4,13,6,11,8,9
1,16,5,12,6,11,8,9
2,15,5,12,6,11,8,9
1,16,2,15,5,12,6,11,8,9
4,13,5,12,6,11,8,9
1,16,7,10,8,9
2,15,7,10,8,9
3,14,7,10,8,9
1,16,3,14,7,10,8,9
2,15,3,14,7,10,8,9
4,13,7,10,8,9
1,16,4,13,7,10,8,9
2,15,4,13,7,10,8,9
3,14,4,13,7,10,8,9
1,16,3,14,4,13,7,10,8,9
2,15,3,14,4,13,7,10,8,9
1,16,5,12,7,10,8,9
2,15,5,12,7,10,8,9
3,14,5,12,7,10,8,9
1,16,3,14,5,12,7,10,8,9
4,13,5,12,7,10,8,9
2,15,4,13,5,12,7,10,8,9
3,14,4,13,5,12,7,10,8,9
1,16,6,11,7,10,8,9
2,15,6,11,7,10,8,9
3,14,6,11,7,10,8,9
1,16,3,14,6,11,7,10,8,9
2,15,3,14,6,11,7,10,8,9
4,13,6,11,7,10,8,9
1,16,4,13,6,11,7,10,8,9
2,15,5,12,6,11,7,10,8,9
4,13,5,12,6,11,7,10,8,9
