1,15,2,14,3,13
2,14,4,12
1,15,2,14,4,12
1,15,3,13,4,12
2,14,3,13,4,12
2,14,3,13,5,11
1,15,2,14,3,13,5,11
1,15,4,12,5,11
2,14,4,12,5,11
1,15,2,14,4,12,5,11
1,15,3,13,4,12,5,11
2,14,3,13,4,12,5,11
1,15,2,14,6,10
2,14,3,13,6,10
1,15,2,14,3,13,6,10
4,12,6,10
1,15,4,12,6,10
2,14,4,12,6,10
1,15,2,14,4,12,6,10
3,13,4,12,6,10
1,15,3,13,4,12,6,10
2,14,3,13,4,12,6,10
1,15,5,11,6,10
2,14,5,11,6,10
1,15,2,14,5,11,6,10
3,13,5,11,6,10
1,15,3,13,5,11,6,10
2,14,3,13,5,11,6,10
1,15,2,14,3,13,5,11,6,10
4,12,5,11,6,10
2,14,4,12,5,11,6,10
3,13,4,12,5,11,6,10
2,14,3,13,4,12,5,11,6,10
1,15,2,14,7,9
1,15,2,14,3,13,7,9
2,14,4,12,7,9
1,15,2,14,4,12,7,9
3,13,4,12,7,9
1,15,3,13,4,12,7,9
2,14,3,13,4,12,7,9
2,14,5,11,7,9
1,15,2,14,5,11,7,9
2,14,3,13,5,11,7,9
1,15,2,14,3,13,5,11,7,9
4,12,5,11,7,9
1,15,4,12,5,11,7,9
3,13,4,12,5,11,7,9
1,15,3,13,4,12,5,11,7,9
1,15,6,10,7,9
2,14,6,10,7,9
1,15,2,14,6,10,7,9
3,13,6,10,7,9
1,15,3,13,6,10,7,9
2,14,3,13,6,10,7,9
1,15,2,14,3,13,6,10,7,9
4,12,6,10,7,9
1,15,4,12,6,10,7,9
2,14,4,12,6,10,7,9
1,15,2,14,4,12,6,10,7,9
1,15,5,11,6,10,7,9
2,14,5,11,6,10,7,9
1,15,2,14,5,11,6,10,7,9
3,13,5,11,6,10,7,9
1,15,3,13,5,11,6,10,7,9
2,14,3,13,5,11,6,10,7,9
1,15,2,14,3,13,5,11,6,10,7,9
4,12,5,11,6,10,7,9
